Algorithm: K-Means Clustering
K: 5
Point assignments:
0 3
1 3
2 1
3 3
4 4
5 1
6 2
7 4
8 4
9 3
10 0
11 1
12 0
13 1
14 1
15 0
16 3
17 4
18 3
19 0
20 4
21 3
22 2
23 1
24 2
25 4
26 4
27 4
28 3
29 4
30 1
31 4
32 0
33 0
34 1
35 4
36 2
37 0
38 4
39 4
40 2
41 1
42 1
43 0
44 3
45 4
46 0
47 0
48 0
49 0
50 4
51 2
52 0
53 2
54 4
55 2
56 4
57 0
58 0
59 4
60 4
61 3
62 1
63 0
64 0
65 4
66 4
67 4
68 2
69 0
70 2
71 0
72 0
73 2
74 0
75 1
76 1
77 3
78 3
79 3
80 2
81 3
82 3
83 2
84 4
85 4
86 1
87 1
88 1
89 4
90 1
91 2
92 0
93 1
94 1
95 2
96 0
97 1
98 0
99 2
100 0
101 1
102 4
103 0
104 2
105 3
106 1
107 4
108 1
109 0
110 2
111 3
112 2
113 1
114 3
115 3
116 3
117 4
118 0
119 4
120 0
121 3
122 0
123 1
124 1
125 0
126 4
127 4
128 0
129 3
130 3
131 2
132 1
133 0
134 0
135 1
136 4
137 3
138 0
139 4
140 4
141 3
142 0
143 3
144 4
145 4
146 0
147 4
148 4
149 4
150 4
151 0
152 4
153 0
154 0
155 2
156 1
157 4
158 1
159 2
160 1
161 1
162 4
163 4
164 0
165 3
166 1
167 3
168 4
169 4
170 4
171 3
172 4
173 4
174 0
175 0
176 2
177 1
178 1
179 1
180 3
181 3
182 1
183 2
184 1
185 0
186 0
187 3
188 0
189 2
190 0
191 4
192 1
193 1
194 1
195 2
196 1
197 1
198 1
199 0
200 4
201 0
202 1
203 2
204 4
205 4
206 1
207 4
208 0
209 0
210 1
211 2
212 1
213 2
214 4
215 3
216 2
217 2
218 4
219 2
220 3
221 0
222 4
223 1
224 1
225 3
226 1
227 1
228 0
229 2
230 1
231 2
232 4
233 0
234 0
235 0
236 4
237 3
238 1
239 2
240 1
241 3
242 1
243 0
244 0
245 2
246 1
247 3
248 4
249 2
250 1
251 1
252 2
253 2
254 4
255 4
256 3
257 0
258 1
259 3
260 4
261 3
262 0
263 3
264 3
265 4
266 3
267 0
268 1
269 3
270 1
271 1
272 4
273 2
274 0
275 4
276 3
277 0
278 0
279 3
280 3
281 2
282 0
283 0
284 0
285 4
286 1
287 1
288 0
289 0
290 3
291 3
292 2
293 4
294 0
295 2
296 4
297 1
298 0
299 2
300 3
301 4
302 4
303 3
304 4
305 4
306 2
307 4
308 1
309 2
310 1
311 4
312 3
313 1
314 1
315 0
316 0
317 4
318 0
319 4
320 0
321 1
322 3
323 2
324 4
325 4
326 2
327 1
328 0
329 2
330 1
331 1
332 0
333 4
334 0
335 0
336 3
337 3
338 1
339 2
340 4
341 1
342 3
343 3
344 3
345 3
346 3
347 4
348 4
349 3
350 2
351 3
352 3
353 1
354 1
355 0
356 0
357 0
358 0
359 2
360 3
361 4
362 1
363 3
364 4
365 1
366 0
367 3
368 1
369 1
370 4
371 0
372 4
373 4
374 2
375 1
376 3
377 0
378 4
379 2
380 0
381 0
382 0
383 1
384 1
385 2
386 4
387 2
388 3
389 2
390 1
391 4
392 0
393 1
394 4
395 0
396 4
397 0
398 3
399 1
400 0
401 1
402 3
403 3
404 3
405 2
406 2
407 3
408 1
409 4
410 2
411 4
412 3
413 4
414 1
415 1
416 1
417 1
418 1
419 3
420 1
421 1
422 0
423 1
424 2
425 4
426 2
427 4
428 4
429 1
430 4
431 4
432 3
433 4
434 0
435 1
436 0
437 4
438 4
439 3
440 0
441 3
442 3
443 3
444 4
445 2
446 2
447 4
448 0
449 3
450 2
451 1
452 2
453 1
454 3
455 1
456 2
457 3
458 1
459 4
460 0
461 4
462 3
463 4
464 0
465 0
466 2
467 3
468 0
469 3
470 1
471 3
472 1
473 2
474 4
475 4
476 2
477 2
478 3
479 0
480 0
481 0
482 0
483 2
484 4
485 0
486 4
487 0
488 4
489 4
490 1
491 0
492 2
493 3
494 0
495 1
496 4
497 3
498 1
499 1
500 4
501 1
502 2
503 4
504 0
505 0
506 3
507 0
508 2
509 0
510 2
511 3
512 3
513 1
514 4
515 3
516 0
517 1
518 1
519 4
520 4
521 1
522 0
523 0
524 2
525 2
526 1
527 0
528 4
529 1
530 1
531 2
532 0
533 0
534 1
535 3
536 3
537 2
538 0
539 4
540 4
541 3
542 0
543 2
544 2
545 0
546 0
547 2
548 3
549 0
550 1
551 2
552 3
553 3
554 1
555 1
556 3
557 2
558 4
559 1
560 1
561 1
562 0
563 1
564 4
565 0
566 0
567 2
568 4
569 4
570 2
571 1
572 1
573 3
574 1
575 1
576 4
577 1
578 3
579 2
580 4
581 0
582 0
583 0
584 1
585 1
586 4
587 4
588 1
589 2
590 2
591 0
592 0
593 1
594 4
595 1
596 4
597 2
598 1
599 2
600 4
601 1
602 3
603 1
604 1
605 2
606 2
607 4
608 2
609 4
610 0
611 1
612 0
613 4
614 1
615 0
616 0
617 4
618 0
619 2
620 0
621 4
622 2
623 3
624 4
625 0
626 3
627 0
628 1
629 3
630 1
631 4
632 1
633 3
634 2
635 4
636 3
637 1
638 3
639 0
640 4
641 1
642 1
643 1
644 1
645 1
646 0
647 0
648 1
649 3
650 3
651 2
652 0
653 4
654 0
655 3
656 3
657 0
658 0
659 1
660 4
661 4
662 1
663 3
664 1
665 0
666 0
667 1
668 0
669 2
670 0
671 0
672 4
673 1
674 2
675 0
676 1
677 3
678 4
679 3
680 2
681 0
682 3
683 3
684 4
685 4
686 1
687 2
688 4
689 0
690 0
691 4
692 0
693 1
694 0
695 4
696 1
697 0
698 2
699 1
700 4
701 0
702 0
703 2
704 2
705 1
706 4
707 4
708 4
709 1
710 0
711 0
712 3
713 4
714 0
715 4
716 1
717 4
718 2
719 3
720 0
721 4
722 3
723 1
724 4
725 4
726 4
727 4
728 3
729 0
730 2
731 1
732 1
733 1
734 1
735 1
736 2
737 0
738 4
739 4
740 1
741 1
742 4
743 2
744 3
745 0
746 3
747 4
748 2
749 0
750 0
751 3
752 0
753 4
754 1
755 0
756 4
757 0
758 2
759 4
760 0
761 4
762 1
763 2
764 4
765 0
766 3
767 1
768 1
769 1
770 4
771 2
772 4
773 1
774 2
775 1
776 1
777 4
778 4
779 0
780 4
781 4
782 2
783 3
784 3
785 0
786 4
787 3
788 2
789 0
790 0
791 1
792 4
793 0
794 0
795 0
796 4
797 0
798 3
799 4
800 1
801 0
802 3
803 1
804 1
805 2
806 4
807 3
808 2
809 3
810 4
811 4
812 1
813 2
814 4
815 4
816 1
817 2
818 4
819 2
820 0
821 4
822 0
823 1
824 0
825 2
826 2
827 1
828 0
829 1
830 4
831 0
832 0
833 2
834 2
835 1
836 4
837 0
838 1
839 4
840 0
841 1
842 0
843 3
844 2
845 0
846 2
847 3
848 3
849 0
850 3
851 3
852 0
853 3
854 3
855 1
856 4
857 3
858 4
859 2
860 4
861 4
862 4
863 1
864 2
865 0
866 4
867 1
868 4
869 2
870 3
871 2
872 1
873 4
874 2
875 4
876 3
877 2
878 0
879 2
880 3
881 3
882 2
883 3
884 0
885 1
886 3
887 2
888 2
889 4
890 1
891 3
892 2
893 3
894 2
895 4
896 4
897 1
898 4
899 4
900 4
901 3
902 4
903 2
904 0
905 0
906 1
907 0
908 4
909 1
910 0
911 0
912 1
913 3
914 0
915 4
916 0
917 2
918 0
919 4
920 1
921 2
922 0
923 1
924 2
925 1
926 0
927 4
928 1
929 2
930 2
931 0
932 1
933 0
934 3
935 2
936 0
937 4
938 1
939 1
940 2
941 4
942 0
943 4
944 4
945 4
946 4
947 0
948 4
949 2
950 1
951 1
952 0
953 0
954 4
955 2
956 0
957 2
958 3
959 2
960 2
961 1
962 0
963 0
964 3
965 0
966 4
967 2
968 0
969 4
970 2
971 3
972 3
973 4
974 3
975 2
976 4
977 1
978 3
979 0
980 1
981 3
982 2
983 0
984 4
985 0
986 0
987 2
988 4
989 2
990 4
991 1
992 3
993 0
994 0
995 3
996 4
997 4
998 4
999 4
Final centroids:
0: 23.58 76.37
1: 68.25 49.48
2: 77.08 17.01
3: 75.56 82.88
4: 21.62 25.90
WCSS: 348745.61
Iterations: 14
Converged: true
