Algorithm: K-Means Clustering
K: 3
Point assignments:
0 0
1 0
2 2
3 2
4 2
5 2
6 0
7 0
8 0
9 2
10 2
11 0
12 2
13 1
14 1
15 0
16 1
17 0
18 2
19 1
20 1
21 2
22 1
23 2
24 0
25 0
26 1
27 0
28 0
29 1
30 0
31 1
32 0
33 2
34 2
35 2
36 2
37 1
38 1
39 1
40 0
41 2
42 1
43 0
44 0
45 1
46 0
47 2
48 0
49 2
50 0
51 1
52 2
53 0
54 0
55 1
56 0
57 2
58 2
59 0
60 2
61 0
62 0
63 2
64 2
65 1
66 2
67 2
68 0
69 2
70 1
71 0
72 0
73 0
74 2
75 1
76 0
77 1
78 2
79 1
80 1
81 1
82 0
83 1
84 0
85 1
86 0
87 1
88 2
89 0
90 0
91 1
92 2
93 0
94 1
95 0
96 0
97 1
98 1
99 1
Final centroids:
0: 76.71 33.06
1: 48.04 81.50
2: 20.30 34.39
WCSS: 57552.14
Iterations: 6
Converged: true

===METRICS===
Execution time: 0.01 ms
(Averaged over 5 runs)
