Algorithm: K-Means Clustering
K: 8
Point assignments:
0 0
1 2
2 2
3 3
4 4
5 5
6 6
7 2
8 5
9 1
10 1
11 5
12 5
13 7
14 7
15 5
16 6
17 0
18 1
19 7
20 4
21 1
22 1
23 1
24 1
25 3
26 1
27 0
28 0
29 2
30 4
31 2
32 3
33 2
34 7
35 3
36 1
37 5
38 1
39 3
40 5
41 7
42 5
43 6
44 4
45 0
46 0
47 7
48 0
49 2
50 7
51 1
52 0
53 6
54 7
55 5
56 6
57 7
58 2
59 7
60 2
61 4
62 0
63 1
64 7
65 0
66 1
67 0
68 3
69 3
70 0
71 7
72 5
73 7
74 6
75 4
76 7
77 3
78 1
79 0
80 3
81 2
82 1
83 0
84 2
85 1
86 1
87 5
88 6
89 3
90 0
91 1
92 0
93 5
94 7
95 7
96 5
97 0
98 0
99 3
100 7
101 4
102 1
103 2
104 3
105 2
106 7
107 2
108 2
109 6
110 7
111 0
112 3
113 5
114 7
115 2
116 6
117 1
118 1
119 4
120 1
121 0
122 6
123 2
124 0
125 3
126 1
127 1
128 4
129 2
130 2
131 0
132 0
133 4
134 2
135 3
136 4
137 0
138 2
139 0
140 3
141 1
142 1
143 2
144 3
145 0
146 0
147 5
148 7
149 0
150 0
151 4
152 4
153 3
154 0
155 1
156 7
157 0
158 2
159 2
160 6
161 3
162 5
163 7
164 4
165 7
166 2
167 2
168 7
169 1
170 2
171 0
172 3
173 0
174 3
175 4
176 1
177 5
178 1
179 7
180 6
181 1
182 2
183 5
184 7
185 1
186 0
187 1
188 1
189 0
190 2
191 5
192 1
193 4
194 5
195 2
196 1
197 5
198 7
199 0
200 2
201 4
202 6
203 2
204 5
205 0
206 4
207 7
208 2
209 4
210 2
211 0
212 2
213 1
214 2
215 1
216 3
217 5
218 5
219 2
220 5
221 3
222 6
223 3
224 5
225 3
226 3
227 6
228 3
229 1
230 2
231 1
232 2
233 7
234 5
235 2
236 4
237 2
238 6
239 6
240 2
241 0
242 7
243 4
244 3
245 7
246 7
247 3
248 3
249 2
250 1
251 0
252 3
253 7
254 0
255 2
256 3
257 4
258 2
259 2
260 1
261 7
262 5
263 7
264 4
265 3
266 4
267 1
268 7
269 6
270 7
271 6
272 3
273 7
274 6
275 5
276 0
277 2
278 2
279 7
280 5
281 7
282 5
283 5
284 6
285 3
286 4
287 7
288 0
289 2
290 5
291 5
292 1
293 2
294 6
295 3
296 5
297 2
298 4
299 5
300 0
301 6
302 1
303 0
304 2
305 4
306 3
307 7
308 6
309 0
310 1
311 2
312 5
313 7
314 4
315 7
316 5
317 4
318 7
319 2
320 0
321 3
322 6
323 2
324 0
325 3
326 7
327 4
328 5
329 6
330 4
331 0
332 6
333 3
334 0
335 4
336 0
337 4
338 6
339 0
340 7
341 1
342 7
343 6
344 6
345 0
346 6
347 0
348 2
349 4
350 3
351 4
352 7
353 6
354 6
355 4
356 4
357 4
358 6
359 3
360 6
361 5
362 1
363 4
364 3
365 4
366 5
367 6
368 7
369 0
370 4
371 0
372 2
373 0
374 7
375 4
376 0
377 0
378 3
379 7
380 2
381 3
382 6
383 2
384 7
385 1
386 5
387 7
388 7
389 7
390 0
391 7
392 2
393 4
394 3
395 0
396 7
397 0
398 1
399 2
400 4
401 6
402 3
403 1
404 6
405 6
406 1
407 2
408 3
409 0
410 3
411 6
412 5
413 1
414 4
415 5
416 7
417 4
418 3
419 2
420 0
421 7
422 0
423 7
424 1
425 3
426 3
427 6
428 3
429 0
430 0
431 1
432 2
433 5
434 5
435 0
436 7
437 6
438 1
439 6
440 1
441 1
442 1
443 1
444 7
445 0
446 0
447 2
448 2
449 0
450 3
451 2
452 5
453 1
454 5
455 3
456 4
457 1
458 5
459 0
460 1
461 4
462 0
463 4
464 5
465 4
466 5
467 1
468 3
469 3
470 6
471 3
472 4
473 4
474 1
475 7
476 4
477 0
478 3
479 4
480 2
481 0
482 0
483 2
484 1
485 4
486 4
487 5
488 7
489 7
490 3
491 2
492 6
493 2
494 4
495 0
496 1
497 3
498 4
499 4
500 6
501 2
502 5
503 3
504 0
505 2
506 2
507 5
508 7
509 1
510 2
511 1
512 5
513 5
514 5
515 7
516 4
517 7
518 0
519 7
520 1
521 6
522 5
523 6
524 7
525 5
526 3
527 0
528 7
529 7
530 2
531 2
532 2
533 2
534 6
535 2
536 4
537 4
538 3
539 1
540 4
541 3
542 6
543 3
544 3
545 1
546 0
547 3
548 2
549 1
550 4
551 0
552 4
553 5
554 7
555 3
556 1
557 2
558 6
559 6
560 5
561 4
562 3
563 2
564 0
565 7
566 1
567 3
568 0
569 4
570 1
571 3
572 2
573 3
574 0
575 6
576 3
577 1
578 6
579 1
580 1
581 2
582 5
583 4
584 4
585 4
586 7
587 5
588 6
589 4
590 3
591 1
592 3
593 1
594 3
595 4
596 1
597 5
598 7
599 4
600 3
601 6
602 5
603 0
604 1
605 3
606 0
607 1
608 7
609 0
610 2
611 5
612 0
613 6
614 6
615 4
616 0
617 5
618 3
619 7
620 1
621 2
622 0
623 3
624 2
625 3
626 6
627 6
628 2
629 1
630 7
631 4
632 4
633 0
634 1
635 0
636 4
637 5
638 0
639 6
640 5
641 3
642 4
643 5
644 7
645 1
646 5
647 6
648 7
649 0
650 0
651 6
652 4
653 1
654 6
655 4
656 2
657 6
658 4
659 5
660 1
661 5
662 5
663 7
664 0
665 1
666 7
667 0
668 0
669 5
670 6
671 7
672 6
673 0
674 6
675 6
676 5
677 0
678 2
679 7
680 4
681 7
682 3
683 0
684 5
685 2
686 3
687 0
688 5
689 0
690 2
691 7
692 1
693 7
694 0
695 0
696 1
697 0
698 0
699 1
700 1
701 1
702 7
703 1
704 5
705 3
706 4
707 4
708 4
709 4
710 0
711 4
712 6
713 3
714 6
715 5
716 3
717 0
718 5
719 5
720 4
721 5
722 3
723 3
724 6
725 0
726 7
727 2
728 5
729 5
730 0
731 7
732 6
733 3
734 5
735 1
736 7
737 6
738 3
739 5
740 2
741 4
742 3
743 5
744 6
745 5
746 4
747 3
748 5
749 6
750 3
751 3
752 3
753 1
754 1
755 0
756 7
757 0
758 2
759 5
760 0
761 3
762 7
763 0
764 6
765 4
766 3
767 7
768 4
769 3
770 6
771 5
772 2
773 2
774 5
775 3
776 1
777 5
778 6
779 7
780 3
781 4
782 1
783 0
784 6
785 5
786 5
787 0
788 7
789 6
790 1
791 7
792 0
793 6
794 1
795 7
796 0
797 4
798 4
799 5
800 5
801 2
802 0
803 1
804 7
805 5
806 1
807 4
808 6
809 4
810 1
811 7
812 5
813 5
814 2
815 2
816 0
817 4
818 2
819 7
820 1
821 1
822 3
823 5
824 0
825 0
826 0
827 6
828 6
829 1
830 6
831 7
832 3
833 1
834 6
835 3
836 6
837 5
838 3
839 2
840 2
841 1
842 4
843 2
844 0
845 3
846 1
847 6
848 3
849 3
850 4
851 5
852 2
853 0
854 6
855 2
856 0
857 7
858 5
859 1
860 3
861 5
862 5
863 5
864 2
865 5
866 1
867 0
868 2
869 2
870 4
871 5
872 0
873 1
874 5
875 0
876 7
877 5
878 7
879 6
880 5
881 7
882 5
883 3
884 2
885 6
886 0
887 5
888 7
889 5
890 5
891 0
892 7
893 7
894 5
895 3
896 0
897 1
898 1
899 3
900 4
901 3
902 4
903 5
904 3
905 0
906 4
907 3
908 2
909 2
910 5
911 4
912 0
913 3
914 5
915 4
916 3
917 2
918 0
919 3
920 5
921 3
922 6
923 6
924 2
925 5
926 0
927 4
928 7
929 1
930 0
931 7
932 7
933 3
934 3
935 0
936 6
937 1
938 6
939 6
940 2
941 1
942 6
943 1
944 6
945 2
946 3
947 7
948 3
949 6
950 5
951 1
952 7
953 3
954 7
955 4
956 5
957 1
958 1
959 6
960 0
961 5
962 4
963 5
964 6
965 7
966 1
967 0
968 0
969 3
970 1
971 3
972 6
973 0
974 6
975 7
976 4
977 1
978 3
979 5
980 7
981 2
982 1
983 0
984 3
985 1
986 0
987 2
988 1
989 3
990 0
991 1
992 7
993 1
994 3
995 3
996 1
997 1
998 7
999 4
1000 0
1001 1
1002 2
1003 4
1004 0
1005 3
1006 5
1007 5
1008 1
1009 4
1010 7
1011 7
1012 5
1013 6
1014 4
1015 2
1016 6
1017 2
1018 0
1019 2
1020 0
1021 7
1022 5
1023 1
1024 5
1025 3
1026 1
1027 0
1028 3
1029 7
1030 0
1031 0
1032 5
1033 5
1034 4
1035 5
1036 2
1037 5
1038 6
1039 0
1040 1
1041 3
1042 1
1043 1
1044 1
1045 5
1046 6
1047 5
1048 2
1049 0
1050 3
1051 7
1052 0
1053 2
1054 5
1055 3
1056 5
1057 2
1058 3
1059 6
1060 0
1061 6
1062 6
1063 7
1064 2
1065 3
1066 5
1067 6
1068 2
1069 6
1070 7
1071 5
1072 4
1073 0
1074 3
1075 5
1076 7
1077 6
1078 6
1079 0
1080 5
1081 2
1082 7
1083 6
1084 1
1085 4
1086 6
1087 1
1088 1
1089 1
1090 5
1091 1
1092 5
1093 7
1094 6
1095 1
1096 7
1097 6
1098 0
1099 7
1100 6
1101 4
1102 0
1103 5
1104 5
1105 6
1106 5
1107 3
1108 6
1109 0
1110 7
1111 3
1112 6
1113 7
1114 0
1115 2
1116 3
1117 7
1118 7
1119 7
1120 3
1121 0
1122 7
1123 3
1124 2
1125 1
1126 5
1127 7
1128 5
1129 0
1130 3
1131 6
1132 4
1133 7
1134 2
1135 4
1136 1
1137 1
1138 0
1139 3
1140 7
1141 1
1142 2
1143 0
1144 5
1145 4
1146 3
1147 6
1148 5
1149 2
1150 6
1151 2
1152 6
1153 7
1154 5
1155 5
1156 3
1157 7
1158 2
1159 0
1160 4
1161 5
1162 3
1163 7
1164 6
1165 6
1166 6
1167 3
1168 7
1169 0
1170 7
1171 1
1172 0
1173 4
1174 5
1175 2
1176 7
1177 3
1178 4
1179 3
1180 2
1181 0
1182 5
1183 1
1184 3
1185 4
1186 0
1187 5
1188 5
1189 4
1190 1
1191 5
1192 0
1193 5
1194 1
1195 1
1196 1
1197 4
1198 5
1199 2
1200 5
1201 2
1202 2
1203 7
1204 0
1205 3
1206 4
1207 3
1208 7
1209 5
1210 1
1211 4
1212 3
1213 0
1214 0
1215 4
1216 6
1217 7
1218 5
1219 3
1220 5
1221 2
1222 2
1223 4
1224 6
1225 0
1226 5
1227 6
1228 4
1229 7
1230 2
1231 5
1232 0
1233 3
1234 7
1235 4
1236 5
1237 2
1238 3
1239 0
1240 7
1241 1
1242 2
1243 0
1244 2
1245 0
1246 0
1247 6
1248 1
1249 7
1250 2
1251 1
1252 2
1253 6
1254 6
1255 3
1256 4
1257 0
1258 2
1259 5
1260 2
1261 6
1262 3
1263 4
1264 3
1265 2
1266 4
1267 6
1268 6
1269 2
1270 1
1271 1
1272 7
1273 5
1274 1
1275 4
1276 4
1277 7
1278 7
1279 0
1280 2
1281 4
1282 6
1283 3
1284 2
1285 0
1286 2
1287 2
1288 6
1289 7
1290 3
1291 2
1292 6
1293 4
1294 4
1295 5
1296 2
1297 5
1298 4
1299 6
1300 7
1301 3
1302 2
1303 6
1304 2
1305 0
1306 7
1307 0
1308 0
1309 2
1310 6
1311 6
1312 5
1313 6
1314 0
1315 0
1316 0
1317 4
1318 3
1319 5
1320 5
1321 4
1322 0
1323 7
1324 6
1325 6
1326 5
1327 6
1328 4
1329 7
1330 0
1331 3
1332 7
1333 1
1334 0
1335 7
1336 2
1337 4
1338 1
1339 6
1340 4
1341 3
1342 1
1343 7
1344 2
1345 7
1346 3
1347 1
1348 0
1349 7
1350 6
1351 5
1352 6
1353 0
1354 3
1355 3
1356 3
1357 2
1358 3
1359 3
1360 6
1361 1
1362 0
1363 1
1364 1
1365 3
1366 4
1367 2
1368 5
1369 2
1370 6
1371 7
1372 3
1373 1
1374 5
1375 0
1376 2
1377 3
1378 6
1379 2
1380 4
1381 3
1382 3
1383 0
1384 6
1385 0
1386 3
1387 1
1388 5
1389 5
1390 7
1391 1
1392 5
1393 4
1394 6
1395 3
1396 4
1397 0
1398 7
1399 0
1400 1
1401 7
1402 5
1403 5
1404 0
1405 3
1406 5
1407 4
1408 7
1409 1
1410 7
1411 3
1412 1
1413 3
1414 5
1415 2
1416 2
1417 2
1418 1
1419 4
1420 3
1421 3
1422 2
1423 7
1424 3
1425 0
1426 3
1427 0
1428 3
1429 3
1430 1
1431 0
1432 4
1433 0
1434 5
1435 3
1436 7
1437 3
1438 0
1439 0
1440 5
1441 4
1442 1
1443 0
1444 0
1445 3
1446 0
1447 3
1448 0
1449 5
1450 3
1451 0
1452 3
1453 0
1454 1
1455 1
1456 0
1457 4
1458 5
1459 1
1460 7
1461 4
1462 0
1463 4
1464 7
1465 5
1466 3
1467 3
1468 4
1469 0
1470 0
1471 6
1472 2
1473 7
1474 0
1475 1
1476 4
1477 6
1478 6
1479 1
1480 5
1481 1
1482 6
1483 0
1484 7
1485 2
1486 0
1487 2
1488 5
1489 7
1490 2
1491 7
1492 7
1493 4
1494 7
1495 7
1496 1
1497 4
1498 7
1499 0
1500 6
1501 3
1502 4
1503 5
1504 7
1505 4
1506 5
1507 1
1508 6
1509 2
1510 1
1511 5
1512 7
1513 1
1514 0
1515 0
1516 3
1517 3
1518 5
1519 3
1520 3
1521 4
1522 1
1523 1
1524 2
1525 3
1526 7
1527 5
1528 2
1529 3
1530 2
1531 3
1532 6
1533 1
1534 7
1535 6
1536 1
1537 4
1538 7
1539 2
1540 0
1541 2
1542 4
1543 7
1544 0
1545 7
1546 7
1547 0
1548 4
1549 6
1550 0
1551 2
1552 3
1553 3
1554 2
1555 0
1556 2
1557 4
1558 2
1559 5
1560 6
1561 5
1562 3
1563 6
1564 3
1565 3
1566 2
1567 6
1568 0
1569 5
1570 3
1571 6
1572 0
1573 2
1574 0
1575 1
1576 6
1577 5
1578 6
1579 4
1580 3
1581 7
1582 0
1583 7
1584 1
1585 5
1586 4
1587 3
1588 7
1589 2
1590 5
1591 4
1592 3
1593 0
1594 6
1595 3
1596 0
1597 4
1598 4
1599 2
1600 1
1601 2
1602 2
1603 0
1604 6
1605 7
1606 2
1607 4
1608 5
1609 5
1610 7
1611 5
1612 7
1613 2
1614 3
1615 6
1616 2
1617 6
1618 2
1619 1
1620 1
1621 4
1622 5
1623 0
1624 1
1625 7
1626 3
1627 3
1628 2
1629 0
1630 6
1631 1
1632 1
1633 0
1634 1
1635 0
1636 3
1637 0
1638 2
1639 0
1640 0
1641 1
1642 3
1643 0
1644 4
1645 7
1646 2
1647 1
1648 3
1649 7
1650 3
1651 4
1652 1
1653 1
1654 3
1655 2
1656 1
1657 7
1658 7
1659 2
1660 4
1661 3
1662 0
1663 1
1664 5
1665 0
1666 5
1667 6
1668 0
1669 3
1670 0
1671 5
1672 6
1673 3
1674 4
1675 7
1676 5
1677 6
1678 3
1679 4
1680 5
1681 5
1682 1
1683 6
1684 4
1685 5
1686 2
1687 7
1688 0
1689 0
1690 6
1691 5
1692 2
1693 0
1694 5
1695 2
1696 0
1697 1
1698 6
1699 4
1700 4
1701 1
1702 0
1703 5
1704 1
1705 7
1706 5
1707 5
1708 1
1709 5
1710 1
1711 4
1712 3
1713 1
1714 0
1715 5
1716 5
1717 6
1718 6
1719 0
1720 6
1721 6
1722 5
1723 6
1724 5
1725 1
1726 6
1727 7
1728 7
1729 6
1730 5
1731 7
1732 1
1733 6
1734 2
1735 7
1736 5
1737 0
1738 7
1739 5
1740 3
1741 7
1742 5
1743 0
1744 0
1745 7
1746 6
1747 7
1748 6
1749 6
1750 5
1751 0
1752 7
1753 5
1754 0
1755 0
1756 1
1757 1
1758 5
1759 2
1760 3
1761 7
1762 5
1763 1
1764 5
1765 0
1766 4
1767 5
1768 0
1769 1
1770 3
1771 4
1772 4
1773 4
1774 7
1775 7
1776 4
1777 5
1778 3
1779 1
1780 6
1781 5
1782 7
1783 0
1784 1
1785 7
1786 2
1787 1
1788 4
1789 5
1790 5
1791 0
1792 5
1793 0
1794 1
1795 4
1796 7
1797 6
1798 0
1799 3
1800 7
1801 5
1802 6
1803 6
1804 6
1805 5
1806 7
1807 0
1808 0
1809 5
1810 2
1811 3
1812 1
1813 6
1814 2
1815 0
1816 7
1817 5
1818 0
1819 5
1820 6
1821 7
1822 1
1823 5
1824 1
1825 1
1826 7
1827 6
1828 2
1829 6
1830 7
1831 7
1832 6
1833 4
1834 4
1835 7
1836 0
1837 0
1838 1
1839 5
1840 1
1841 6
1842 0
1843 3
1844 0
1845 3
1846 5
1847 0
1848 6
1849 1
1850 4
1851 4
1852 1
1853 0
1854 0
1855 7
1856 5
1857 6
1858 3
1859 1
1860 0
1861 7
1862 7
1863 7
1864 2
1865 6
1866 4
1867 7
1868 4
1869 0
1870 2
1871 4
1872 4
1873 5
1874 5
1875 7
1876 6
1877 6
1878 2
1879 1
1880 5
1881 5
1882 3
1883 0
1884 1
1885 1
1886 0
1887 0
1888 0
1889 7
1890 6
1891 6
1892 3
1893 7
1894 3
1895 4
1896 1
1897 5
1898 6
1899 6
1900 7
1901 4
1902 7
1903 0
1904 5
1905 7
1906 6
1907 7
1908 0
1909 5
1910 6
1911 0
1912 7
1913 2
1914 5
1915 4
1916 7
1917 3
1918 2
1919 6
1920 6
1921 6
1922 5
1923 7
1924 1
1925 0
1926 2
1927 3
1928 0
1929 6
1930 6
1931 7
1932 2
1933 2
1934 4
1935 7
1936 1
1937 2
1938 0
1939 6
1940 5
1941 3
1942 3
1943 4
1944 1
1945 6
1946 3
1947 2
1948 0
1949 4
1950 0
1951 4
1952 6
1953 3
1954 2
1955 6
1956 4
1957 3
1958 3
1959 3
1960 3
1961 7
1962 0
1963 6
1964 3
1965 0
1966 3
1967 7
1968 1
1969 3
1970 2
1971 4
1972 4
1973 2
1974 5
1975 0
1976 1
1977 4
1978 2
1979 4
1980 4
1981 5
1982 2
1983 5
1984 5
1985 5
1986 0
1987 6
1988 3
1989 7
1990 0
1991 6
1992 5
1993 4
1994 6
1995 6
1996 1
1997 1
1998 5
1999 2
2000 6
2001 2
2002 7
2003 6
2004 4
2005 0
2006 4
2007 0
2008 1
2009 1
2010 1
2011 1
2012 0
2013 6
2014 7
2015 2
2016 7
2017 5
2018 1
2019 0
2020 5
2021 0
2022 3
2023 6
2024 0
2025 7
2026 4
2027 1
2028 7
2029 1
2030 0
2031 6
2032 4
2033 5
2034 2
2035 3
2036 0
2037 7
2038 1
2039 5
2040 0
2041 4
2042 4
2043 7
2044 3
2045 6
2046 4
2047 7
2048 4
2049 5
2050 2
2051 6
2052 2
2053 0
2054 6
2055 5
2056 0
2057 7
2058 5
2059 7
2060 6
2061 4
2062 1
2063 1
2064 1
2065 3
2066 3
2067 1
2068 3
2069 1
2070 0
2071 1
2072 6
2073 1
2074 0
2075 4
2076 6
2077 0
2078 0
2079 6
2080 3
2081 7
2082 6
2083 2
2084 3
2085 4
2086 4
2087 5
2088 3
2089 0
2090 6
2091 3
2092 2
2093 5
2094 2
2095 3
2096 7
2097 1
2098 7
2099 4
2100 5
2101 0
2102 5
2103 1
2104 4
2105 0
2106 2
2107 3
2108 7
2109 4
2110 2
2111 3
2112 3
2113 1
2114 3
2115 7
2116 4
2117 2
2118 0
2119 0
2120 7
2121 5
2122 1
2123 5
2124 1
2125 6
2126 1
2127 7
2128 7
2129 1
2130 3
2131 5
2132 2
2133 7
2134 5
2135 3
2136 7
2137 4
2138 6
2139 3
2140 5
2141 2
2142 0
2143 2
2144 3
2145 4
2146 3
2147 5
2148 3
2149 3
2150 4
2151 7
2152 0
2153 2
2154 5
2155 5
2156 6
2157 5
2158 5
2159 6
2160 3
2161 2
2162 7
2163 3
2164 3
2165 1
2166 4
2167 1
2168 5
2169 5
2170 3
2171 0
2172 6
2173 0
2174 3
2175 3
2176 7
2177 6
2178 7
2179 3
2180 7
2181 0
2182 5
2183 6
2184 7
2185 5
2186 5
2187 1
2188 6
2189 1
2190 3
2191 5
2192 5
2193 5
2194 2
2195 0
2196 6
2197 6
2198 0
2199 5
2200 0
2201 0
2202 7
2203 6
2204 4
2205 5
2206 1
2207 1
2208 4
2209 5
2210 5
2211 3
2212 4
2213 0
2214 5
2215 0
2216 6
2217 0
2218 3
2219 1
2220 3
2221 3
2222 3
2223 6
2224 7
2225 6
2226 5
2227 3
2228 6
2229 1
2230 3
2231 0
2232 1
2233 5
2234 0
2235 6
2236 5
2237 2
2238 6
2239 0
2240 7
2241 2
2242 3
2243 3
2244 5
2245 0
2246 7
2247 0
2248 1
2249 2
2250 4
2251 1
2252 4
2253 5
2254 5
2255 5
2256 7
2257 5
2258 7
2259 2
2260 5
2261 3
2262 1
2263 7
2264 2
2265 5
2266 6
2267 3
2268 6
2269 6
2270 7
2271 4
2272 5
2273 0
2274 2
2275 1
2276 0
2277 5
2278 3
2279 1
2280 1
2281 1
2282 7
2283 3
2284 7
2285 0
2286 6
2287 5
2288 4
2289 6
2290 5
2291 5
2292 4
2293 0
2294 2
2295 5
2296 4
2297 1
2298 6
2299 5
2300 5
2301 7
2302 7
2303 6
2304 5
2305 6
2306 3
2307 1
2308 2
2309 4
2310 3
2311 1
2312 3
2313 0
2314 3
2315 1
2316 6
2317 3
2318 3
2319 6
2320 0
2321 0
2322 0
2323 0
2324 7
2325 0
2326 0
2327 4
2328 3
2329 1
2330 0
2331 6
2332 3
2333 4
2334 3
2335 5
2336 6
2337 4
2338 6
2339 4
2340 7
2341 1
2342 4
2343 0
2344 6
2345 0
2346 1
2347 5
2348 5
2349 5
2350 0
2351 3
2352 7
2353 7
2354 2
2355 0
2356 6
2357 5
2358 4
2359 5
2360 4
2361 7
2362 3
2363 2
2364 6
2365 6
2366 4
2367 3
2368 7
2369 1
2370 4
2371 1
2372 5
2373 4
2374 5
2375 6
2376 6
2377 3
2378 3
2379 7
2380 5
2381 4
2382 0
2383 4
2384 5
2385 5
2386 0
2387 1
2388 0
2389 1
2390 4
2391 2
2392 0
2393 3
2394 2
2395 1
2396 2
2397 0
2398 7
2399 0
2400 7
2401 0
2402 6
2403 6
2404 2
2405 7
2406 5
2407 6
2408 7
2409 5
2410 0
2411 0
2412 7
2413 7
2414 7
2415 3
2416 1
2417 6
2418 4
2419 7
2420 4
2421 2
2422 0
2423 3
2424 2
2425 5
2426 2
2427 1
2428 7
2429 2
2430 5
2431 4
2432 0
2433 7
2434 0
2435 7
2436 5
2437 2
2438 0
2439 7
2440 7
2441 0
2442 0
2443 6
2444 4
2445 4
2446 0
2447 5
2448 3
2449 3
2450 0
2451 1
2452 6
2453 1
2454 1
2455 5
2456 5
2457 3
2458 0
2459 2
2460 4
2461 0
2462 1
2463 6
2464 0
2465 2
2466 6
2467 1
2468 0
2469 3
2470 2
2471 5
2472 3
2473 5
2474 3
2475 4
2476 6
2477 7
2478 2
2479 4
2480 5
2481 6
2482 7
2483 5
2484 0
2485 5
2486 7
2487 5
2488 6
2489 3
2490 0
2491 4
2492 5
2493 6
2494 1
2495 7
2496 5
2497 6
2498 6
2499 0
2500 5
2501 6
2502 2
2503 6
2504 0
2505 0
2506 7
2507 3
2508 7
2509 2
2510 7
2511 7
2512 1
2513 7
2514 2
2515 2
2516 3
2517 3
2518 5
2519 7
2520 7
2521 5
2522 0
2523 1
2524 2
2525 1
2526 5
2527 2
2528 5
2529 0
2530 0
2531 0
2532 4
2533 0
2534 0
2535 0
2536 0
2537 5
2538 0
2539 6
2540 4
2541 0
2542 1
2543 5
2544 5
2545 4
2546 2
2547 3
2548 7
2549 3
2550 6
2551 6
2552 7
2553 7
2554 2
2555 3
2556 2
2557 6
2558 5
2559 4
2560 1
2561 6
2562 3
2563 2
2564 4
2565 1
2566 2
2567 5
2568 5
2569 6
2570 0
2571 4
2572 4
2573 3
2574 4
2575 1
2576 0
2577 1
2578 4
2579 2
2580 0
2581 6
2582 5
2583 5
2584 4
2585 2
2586 7
2587 2
2588 4
2589 4
2590 0
2591 6
2592 5
2593 3
2594 2
2595 6
2596 4
2597 6
2598 5
2599 0
2600 4
2601 3
2602 1
2603 5
2604 1
2605 5
2606 2
2607 2
2608 7
2609 7
2610 5
2611 3
2612 7
2613 6
2614 7
2615 4
2616 0
2617 0
2618 6
2619 1
2620 7
2621 4
2622 4
2623 1
2624 2
2625 4
2626 6
2627 1
2628 1
2629 6
2630 5
2631 6
2632 2
2633 0
2634 5
2635 1
2636 2
2637 5
2638 0
2639 7
2640 7
2641 5
2642 4
2643 4
2644 3
2645 6
2646 5
2647 6
2648 0
2649 7
2650 1
2651 6
2652 2
2653 2
2654 4
2655 0
2656 4
2657 6
2658 6
2659 6
2660 6
2661 6
2662 4
2663 1
2664 2
2665 6
2666 3
2667 6
2668 0
2669 3
2670 7
2671 6
2672 5
2673 6
2674 5
2675 4
2676 2
2677 4
2678 5
2679 6
2680 1
2681 1
2682 2
2683 1
2684 7
2685 3
2686 1
2687 5
2688 5
2689 3
2690 7
2691 7
2692 7
2693 1
2694 6
2695 0
2696 5
2697 0
2698 1
2699 1
2700 1
2701 5
2702 6
2703 5
2704 1
2705 7
2706 4
2707 6
2708 6
2709 7
2710 7
2711 2
2712 2
2713 7
2714 6
2715 6
2716 7
2717 5
2718 6
2719 3
2720 0
2721 5
2722 2
2723 3
2724 7
2725 3
2726 2
2727 0
2728 4
2729 4
2730 4
2731 6
2732 3
2733 1
2734 0
2735 5
2736 3
2737 4
2738 2
2739 4
2740 3
2741 5
2742 4
2743 5
2744 4
2745 0
2746 4
2747 2
2748 0
2749 6
2750 1
2751 5
2752 3
2753 0
2754 5
2755 5
2756 6
2757 6
2758 7
2759 2
2760 0
2761 6
2762 3
2763 5
2764 4
2765 3
2766 1
2767 3
2768 0
2769 5
2770 1
2771 6
2772 7
2773 0
2774 6
2775 0
2776 6
2777 6
2778 2
2779 5
2780 1
2781 2
2782 6
2783 5
2784 1
2785 3
2786 3
2787 1
2788 4
2789 2
2790 6
2791 6
2792 1
2793 0
2794 6
2795 3
2796 6
2797 6
2798 6
2799 1
2800 0
2801 1
2802 3
2803 6
2804 0
2805 2
2806 0
2807 6
2808 1
2809 6
2810 1
2811 4
2812 2
2813 5
2814 7
2815 7
2816 2
2817 3
2818 2
2819 6
2820 1
2821 6
2822 2
2823 1
2824 0
2825 0
2826 7
2827 7
2828 5
2829 3
2830 3
2831 1
2832 1
2833 3
2834 7
2835 7
2836 5
2837 0
2838 7
2839 3
2840 1
2841 0
2842 4
2843 2
2844 1
2845 6
2846 2
2847 3
2848 7
2849 5
2850 7
2851 3
2852 1
2853 2
2854 4
2855 2
2856 3
2857 3
2858 2
2859 0
2860 5
2861 3
2862 1
2863 4
2864 5
2865 2
2866 7
2867 7
2868 0
2869 3
2870 6
2871 4
2872 0
2873 5
2874 3
2875 5
2876 0
2877 6
2878 2
2879 7
2880 4
2881 1
2882 4
2883 7
2884 1
2885 7
2886 0
2887 6
2888 1
2889 1
2890 2
2891 7
2892 2
2893 1
2894 2
2895 2
2896 3
2897 2
2898 4
2899 4
2900 4
2901 3
2902 2
2903 6
2904 6
2905 3
2906 3
2907 5
2908 1
2909 6
2910 7
2911 5
2912 2
2913 7
2914 5
2915 6
2916 5
2917 6
2918 1
2919 4
2920 1
2921 1
2922 2
2923 0
2924 7
2925 4
2926 7
2927 1
2928 5
2929 1
2930 6
2931 3
2932 7
2933 0
2934 6
2935 1
2936 2
2937 7
2938 2
2939 0
2940 0
2941 5
2942 5
2943 7
2944 2
2945 3
2946 6
2947 0
2948 1
2949 2
2950 3
2951 3
2952 3
2953 1
2954 4
2955 1
2956 5
2957 4
2958 1
2959 3
2960 3
2961 1
2962 6
2963 6
2964 3
2965 3
2966 0
2967 6
2968 1
2969 4
2970 7
2971 6
2972 0
2973 3
2974 6
2975 7
2976 7
2977 0
2978 1
2979 0
2980 4
2981 4
2982 5
2983 4
2984 1
2985 1
2986 1
2987 1
2988 0
2989 5
2990 0
2991 4
2992 6
2993 5
2994 5
2995 3
2996 5
2997 4
2998 4
2999 5
3000 6
3001 7
3002 0
3003 7
3004 4
3005 7
3006 3
3007 6
3008 4
3009 7
3010 1
3011 4
3012 2
3013 0
3014 3
3015 6
3016 4
3017 0
3018 1
3019 4
3020 6
3021 7
3022 2
3023 0
3024 5
3025 3
3026 4
3027 1
3028 5
3029 6
3030 5
3031 3
3032 3
3033 4
3034 5
3035 4
3036 1
3037 5
3038 1
3039 5
3040 2
3041 6
3042 0
3043 7
3044 6
3045 1
3046 6
3047 2
3048 3
3049 3
3050 5
3051 1
3052 1
3053 7
3054 7
3055 4
3056 2
3057 4
3058 4
3059 2
3060 3
3061 3
3062 3
3063 4
3064 1
3065 7
3066 0
3067 7
3068 1
3069 4
3070 3
3071 1
3072 3
3073 1
3074 3
3075 6
3076 7
3077 6
3078 5
3079 6
3080 5
3081 2
3082 5
3083 1
3084 7
3085 3
3086 0
3087 0
3088 4
3089 5
3090 5
3091 3
3092 1
3093 5
3094 2
3095 5
3096 6
3097 3
3098 6
3099 3
3100 0
3101 4
3102 1
3103 7
3104 7
3105 3
3106 4
3107 2
3108 1
3109 3
3110 3
3111 1
3112 2
3113 0
3114 4
3115 1
3116 2
3117 3
3118 3
3119 7
3120 5
3121 1
3122 3
3123 6
3124 1
3125 7
3126 0
3127 5
3128 7
3129 6
3130 6
3131 1
3132 2
3133 2
3134 4
3135 5
3136 3
3137 7
3138 6
3139 2
3140 3
3141 7
3142 3
3143 0
3144 7
3145 5
3146 3
3147 7
3148 1
3149 2
3150 2
3151 3
3152 4
3153 4
3154 4
3155 7
3156 5
3157 4
3158 6
3159 0
3160 6
3161 0
3162 3
3163 7
3164 6
3165 2
3166 0
3167 7
3168 2
3169 6
3170 5
3171 6
3172 6
3173 2
3174 0
3175 7
3176 7
3177 1
3178 2
3179 4
3180 5
3181 3
3182 6
3183 0
3184 0
3185 6
3186 3
3187 6
3188 6
3189 3
3190 5
3191 6
3192 5
3193 3
3194 7
3195 3
3196 0
3197 4
3198 6
3199 0
3200 4
3201 0
3202 3
3203 4
3204 0
3205 0
3206 0
3207 6
3208 6
3209 1
3210 2
3211 0
3212 0
3213 6
3214 7
3215 5
3216 4
3217 3
3218 1
3219 5
3220 3
3221 7
3222 5
3223 7
3224 4
3225 1
3226 1
3227 5
3228 0
3229 6
3230 4
3231 5
3232 3
3233 7
3234 0
3235 3
3236 0
3237 5
3238 3
3239 6
3240 0
3241 1
3242 1
3243 4
3244 1
3245 0
3246 0
3247 6
3248 0
3249 0
3250 7
3251 2
3252 3
3253 3
3254 0
3255 1
3256 7
3257 1
3258 3
3259 6
3260 7
3261 5
3262 2
3263 1
3264 2
3265 3
3266 0
3267 3
3268 0
3269 3
3270 5
3271 1
3272 2
3273 0
3274 3
3275 2
3276 1
3277 4
3278 3
3279 4
3280 7
3281 6
3282 3
3283 6
3284 0
3285 3
3286 3
3287 2
3288 6
3289 5
3290 7
3291 1
3292 1
3293 5
3294 1
3295 5
3296 5
3297 1
3298 6
3299 1
3300 7
3301 1
3302 6
3303 4
3304 2
3305 4
3306 0
3307 0
3308 3
3309 3
3310 5
3311 5
3312 1
3313 5
3314 7
3315 1
3316 4
3317 3
3318 1
3319 4
3320 1
3321 3
3322 6
3323 0
3324 1
3325 4
3326 7
3327 5
3328 0
3329 3
3330 2
3331 5
3332 6
3333 5
3334 6
3335 7
3336 5
3337 4
3338 7
3339 2
3340 3
3341 1
3342 6
3343 4
3344 3
3345 5
3346 5
3347 2
3348 5
3349 7
3350 6
3351 5
3352 3
3353 1
3354 1
3355 7
3356 4
3357 1
3358 6
3359 2
3360 0
3361 1
3362 5
3363 4
3364 5
3365 4
3366 2
3367 5
3368 2
3369 2
3370 0
3371 3
3372 5
3373 0
3374 0
3375 5
3376 5
3377 3
3378 5
3379 7
3380 3
3381 1
3382 3
3383 3
3384 2
3385 0
3386 2
3387 5
3388 1
3389 2
3390 5
3391 5
3392 4
3393 7
3394 2
3395 3
3396 1
3397 1
3398 2
3399 6
3400 6
3401 5
3402 7
3403 6
3404 6
3405 6
3406 2
3407 2
3408 5
3409 1
3410 0
3411 0
3412 0
3413 4
3414 0
3415 4
3416 0
3417 7
3418 1
3419 7
3420 0
3421 3
3422 7
3423 5
3424 1
3425 7
3426 7
3427 1
3428 6
3429 5
3430 0
3431 7
3432 7
3433 6
3434 4
3435 1
3436 0
3437 2
3438 2
3439 4
3440 5
3441 7
3442 4
3443 2
3444 1
3445 3
3446 3
3447 5
3448 3
3449 7
3450 5
3451 3
3452 5
3453 5
3454 0
3455 2
3456 3
3457 5
3458 7
3459 5
3460 2
3461 3
3462 4
3463 0
3464 4
3465 2
3466 6
3467 4
3468 4
3469 4
3470 7
3471 7
3472 7
3473 6
3474 5
3475 4
3476 6
3477 5
3478 7
3479 3
3480 3
3481 3
3482 7
3483 3
3484 5
3485 6
3486 3
3487 6
3488 6
3489 1
3490 6
3491 6
3492 6
3493 4
3494 5
3495 4
3496 7
3497 6
3498 6
3499 3
3500 6
3501 7
3502 6
3503 6
3504 0
3505 1
3506 0
3507 3
3508 0
3509 1
3510 5
3511 4
3512 5
3513 5
3514 1
3515 6
3516 0
3517 2
3518 6
3519 3
3520 7
3521 5
3522 5
3523 5
3524 7
3525 3
3526 2
3527 6
3528 7
3529 1
3530 4
3531 7
3532 6
3533 0
3534 3
3535 5
3536 6
3537 0
3538 6
3539 4
3540 6
3541 4
3542 1
3543 4
3544 0
3545 2
3546 5
3547 0
3548 7
3549 0
3550 5
3551 0
3552 1
3553 0
3554 7
3555 3
3556 5
3557 2
3558 3
3559 5
3560 3
3561 0
3562 1
3563 1
3564 3
3565 1
3566 1
3567 0
3568 5
3569 6
3570 2
3571 2
3572 1
3573 7
3574 5
3575 4
3576 7
3577 4
3578 0
3579 6
3580 2
3581 2
3582 6
3583 6
3584 5
3585 2
3586 1
3587 2
3588 0
3589 0
3590 6
3591 2
3592 1
3593 1
3594 1
3595 0
3596 1
3597 5
3598 4
3599 2
3600 6
3601 1
3602 5
3603 4
3604 5
3605 1
3606 7
3607 2
3608 4
3609 5
3610 6
3611 7
3612 2
3613 3
3614 3
3615 1
3616 6
3617 0
3618 1
3619 3
3620 2
3621 2
3622 4
3623 3
3624 7
3625 4
3626 3
3627 7
3628 0
3629 1
3630 1
3631 0
3632 7
3633 3
3634 0
3635 0
3636 3
3637 7
3638 1
3639 0
3640 6
3641 0
3642 1
3643 4
3644 5
3645 2
3646 5
3647 0
3648 6
3649 6
3650 0
3651 0
3652 6
3653 0
3654 2
3655 0
3656 0
3657 6
3658 2
3659 5
3660 0
3661 7
3662 2
3663 6
3664 7
3665 3
3666 4
3667 6
3668 4
3669 0
3670 7
3671 5
3672 1
3673 1
3674 5
3675 5
3676 5
3677 5
3678 5
3679 2
3680 7
3681 4
3682 7
3683 1
3684 5
3685 6
3686 6
3687 6
3688 5
3689 6
3690 7
3691 6
3692 4
3693 0
3694 0
3695 4
3696 6
3697 3
3698 2
3699 7
3700 5
3701 5
3702 0
3703 4
3704 1
3705 1
3706 1
3707 4
3708 2
3709 5
3710 7
3711 4
3712 3
3713 2
3714 0
3715 0
3716 1
3717 7
3718 4
3719 6
3720 6
3721 0
3722 4
3723 0
3724 6
3725 0
3726 5
3727 1
3728 5
3729 1
3730 1
3731 7
3732 3
3733 5
3734 1
3735 0
3736 4
3737 3
3738 4
3739 7
3740 1
3741 0
3742 5
3743 0
3744 4
3745 5
3746 2
3747 0
3748 7
3749 2
3750 0
3751 4
3752 5
3753 3
3754 6
3755 7
3756 4
3757 7
3758 3
3759 6
3760 0
3761 1
3762 7
3763 6
3764 0
3765 4
3766 2
3767 6
3768 1
3769 7
3770 1
3771 3
3772 7
3773 5
3774 5
3775 1
3776 2
3777 6
3778 1
3779 0
3780 2
3781 1
3782 0
3783 4
3784 3
3785 4
3786 1
3787 1
3788 4
3789 5
3790 1
3791 4
3792 0
3793 5
3794 1
3795 2
3796 1
3797 2
3798 2
3799 4
3800 4
3801 6
3802 0
3803 6
3804 1
3805 0
3806 6
3807 5
3808 2
3809 1
3810 7
3811 0
3812 2
3813 5
3814 0
3815 5
3816 6
3817 3
3818 4
3819 7
3820 4
3821 5
3822 2
3823 2
3824 7
3825 1
3826 0
3827 4
3828 1
3829 1
3830 6
3831 1
3832 5
3833 3
3834 1
3835 5
3836 7
3837 4
3838 6
3839 5
3840 2
3841 3
3842 6
3843 0
3844 4
3845 1
3846 2
3847 2
3848 6
3849 4
3850 1
3851 1
3852 7
3853 5
3854 3
3855 0
3856 1
3857 2
3858 0
3859 5
3860 7
3861 1
3862 5
3863 6
3864 1
3865 6
3866 2
3867 6
3868 6
3869 0
3870 2
3871 5
3872 7
3873 4
3874 0
3875 2
3876 7
3877 1
3878 6
3879 7
3880 3
3881 3
3882 1
3883 7
3884 7
3885 5
3886 2
3887 3
3888 0
3889 6
3890 2
3891 0
3892 1
3893 2
3894 0
3895 6
3896 5
3897 5
3898 3
3899 3
3900 1
3901 1
3902 1
3903 0
3904 2
3905 5
3906 3
3907 0
3908 6
3909 7
3910 0
3911 5
3912 0
3913 5
3914 0
3915 7
3916 0
3917 1
3918 7
3919 7
3920 7
3921 0
3922 0
3923 3
3924 3
3925 5
3926 1
3927 7
3928 7
3929 6
3930 6
3931 3
3932 7
3933 4
3934 2
3935 2
3936 0
3937 5
3938 5
3939 7
3940 5
3941 5
3942 4
3943 6
3944 2
3945 0
3946 6
3947 6
3948 0
3949 6
3950 7
3951 3
3952 0
3953 3
3954 4
3955 1
3956 3
3957 2
3958 2
3959 5
3960 1
3961 7
3962 6
3963 5
3964 7
3965 5
3966 2
3967 3
3968 2
3969 3
3970 1
3971 1
3972 1
3973 5
3974 7
3975 6
3976 4
3977 5
3978 1
3979 2
3980 3
3981 2
3982 5
3983 0
3984 1
3985 4
3986 5
3987 1
3988 1
3989 1
3990 3
3991 1
3992 0
3993 6
3994 1
3995 1
3996 2
3997 5
3998 4
3999 5
4000 0
4001 6
4002 5
4003 0
4004 5
4005 5
4006 0
4007 6
4008 2
4009 0
4010 6
4011 4
4012 2
4013 7
4014 2
4015 6
4016 0
4017 2
4018 6
4019 5
4020 4
4021 5
4022 3
4023 7
4024 6
4025 6
4026 7
4027 4
4028 1
4029 5
4030 1
4031 6
4032 5
4033 5
4034 4
4035 3
4036 1
4037 6
4038 0
4039 4
4040 7
4041 7
4042 2
4043 3
4044 6
4045 2
4046 5
4047 6
4048 0
4049 1
4050 7
4051 1
4052 4
4053 3
4054 2
4055 7
4056 6
4057 5
4058 2
4059 5
4060 6
4061 6
4062 4
4063 5
4064 3
4065 4
4066 0
4067 7
4068 2
4069 3
4070 2
4071 3
4072 1
4073 1
4074 3
4075 2
4076 7
4077 5
4078 1
4079 3
4080 3
4081 4
4082 7
4083 2
4084 0
4085 4
4086 7
4087 0
4088 0
4089 2
4090 3
4091 3
4092 5
4093 0
4094 3
4095 1
4096 6
4097 7
4098 0
4099 0
4100 5
4101 5
4102 1
4103 7
4104 3
4105 1
4106 3
4107 2
4108 3
4109 6
4110 1
4111 3
4112 5
4113 2
4114 1
4115 7
4116 3
4117 0
4118 7
4119 3
4120 2
4121 1
4122 6
4123 5
4124 5
4125 0
4126 1
4127 4
4128 0
4129 5
4130 6
4131 4
4132 4
4133 2
4134 3
4135 4
4136 1
4137 1
4138 1
4139 1
4140 1
4141 2
4142 6
4143 4
4144 5
4145 4
4146 5
4147 0
4148 3
4149 7
4150 2
4151 5
4152 1
4153 1
4154 5
4155 5
4156 1
4157 4
4158 0
4159 7
4160 0
4161 0
4162 6
4163 3
4164 4
4165 7
4166 3
4167 6
4168 4
4169 2
4170 4
4171 2
4172 4
4173 1
4174 5
4175 3
4176 5
4177 7
4178 4
4179 4
4180 3
4181 1
4182 6
4183 7
4184 4
4185 1
4186 7
4187 7
4188 1
4189 4
4190 4
4191 1
4192 0
4193 6
4194 5
4195 2
4196 6
4197 3
4198 7
4199 4
4200 4
4201 7
4202 1
4203 1
4204 5
4205 7
4206 1
4207 3
4208 2
4209 6
4210 4
4211 3
4212 1
4213 6
4214 5
4215 0
4216 3
4217 2
4218 5
4219 3
4220 6
4221 2
4222 5
4223 5
4224 0
4225 3
4226 0
4227 4
4228 6
4229 5
4230 4
4231 1
4232 5
4233 4
4234 1
4235 5
4236 7
4237 2
4238 2
4239 6
4240 0
4241 2
4242 1
4243 7
4244 1
4245 1
4246 3
4247 0
4248 3
4249 3
4250 4
4251 0
4252 3
4253 5
4254 1
4255 1
4256 2
4257 2
4258 4
4259 7
4260 2
4261 3
4262 2
4263 6
4264 2
4265 2
4266 3
4267 0
4268 1
4269 3
4270 5
4271 4
4272 6
4273 1
4274 1
4275 4
4276 3
4277 7
4278 1
4279 4
4280 0
4281 3
4282 4
4283 0
4284 3
4285 3
4286 7
4287 7
4288 0
4289 0
4290 2
4291 7
4292 3
4293 2
4294 4
4295 0
4296 5
4297 1
4298 0
4299 0
4300 0
4301 1
4302 2
4303 4
4304 4
4305 0
4306 3
4307 7
4308 6
4309 2
4310 1
4311 5
4312 1
4313 3
4314 0
4315 3
4316 2
4317 2
4318 4
4319 2
4320 0
4321 1
4322 2
4323 1
4324 0
4325 5
4326 7
4327 4
4328 3
4329 0
4330 4
4331 1
4332 2
4333 7
4334 4
4335 5
4336 4
4337 0
4338 2
4339 7
4340 4
4341 3
4342 4
4343 5
4344 6
4345 2
4346 4
4347 3
4348 6
4349 3
4350 3
4351 2
4352 7
4353 1
4354 2
4355 5
4356 3
4357 7
4358 3
4359 3
4360 1
4361 1
4362 0
4363 5
4364 6
4365 4
4366 4
4367 7
4368 3
4369 2
4370 3
4371 5
4372 7
4373 3
4374 2
4375 0
4376 2
4377 4
4378 3
4379 2
4380 0
4381 0
4382 3
4383 7
4384 7
4385 7
4386 4
4387 7
4388 3
4389 3
4390 3
4391 7
4392 0
4393 4
4394 7
4395 1
4396 3
4397 2
4398 6
4399 7
4400 2
4401 2
4402 4
4403 5
4404 5
4405 3
4406 6
4407 4
4408 0
4409 1
4410 7
4411 7
4412 7
4413 2
4414 5
4415 2
4416 5
4417 4
4418 0
4419 0
4420 5
4421 0
4422 7
4423 2
4424 3
4425 5
4426 2
4427 5
4428 0
4429 2
4430 3
4431 7
4432 7
4433 0
4434 0
4435 3
4436 3
4437 4
4438 3
4439 2
4440 4
4441 1
4442 0
4443 4
4444 7
4445 4
4446 5
4447 0
4448 7
4449 3
4450 2
4451 0
4452 2
4453 3
4454 0
4455 6
4456 0
4457 2
4458 0
4459 3
4460 6
4461 5
4462 2
4463 1
4464 7
4465 7
4466 0
4467 3
4468 2
4469 7
4470 4
4471 2
4472 7
4473 6
4474 6
4475 1
4476 4
4477 3
4478 2
4479 0
4480 4
4481 4
4482 5
4483 0
4484 2
4485 2
4486 4
4487 5
4488 0
4489 2
4490 6
4491 6
4492 0
4493 2
4494 0
4495 2
4496 6
4497 2
4498 7
4499 1
4500 7
4501 2
4502 5
4503 1
4504 7
4505 5
4506 6
4507 5
4508 6
4509 5
4510 0
4511 4
4512 7
4513 1
4514 6
4515 1
4516 3
4517 5
4518 7
4519 1
4520 7
4521 4
4522 6
4523 6
4524 7
4525 6
4526 1
4527 4
4528 4
4529 6
4530 2
4531 6
4532 5
4533 5
4534 3
4535 3
4536 1
4537 7
4538 0
4539 5
4540 4
4541 0
4542 3
4543 3
4544 6
4545 4
4546 7
4547 1
4548 2
4549 5
4550 3
4551 6
4552 2
4553 4
4554 7
4555 6
4556 5
4557 1
4558 3
4559 4
4560 6
4561 3
4562 4
4563 0
4564 0
4565 6
4566 0
4567 6
4568 0
4569 0
4570 1
4571 7
4572 1
4573 4
4574 7
4575 5
4576 0
4577 0
4578 6
4579 3
4580 2
4581 3
4582 7
4583 5
4584 5
4585 1
4586 5
4587 5
4588 3
4589 5
4590 5
4591 5
4592 6
4593 1
4594 3
4595 4
4596 5
4597 0
4598 0
4599 1
4600 3
4601 7
4602 1
4603 7
4604 3
4605 4
4606 6
4607 1
4608 2
4609 1
4610 0
4611 7
4612 1
4613 6
4614 1
4615 0
4616 3
4617 7
4618 7
4619 0
4620 3
4621 4
4622 2
4623 6
4624 4
4625 5
4626 6
4627 7
4628 0
4629 5
4630 1
4631 7
4632 4
4633 3
4634 2
4635 7
4636 4
4637 0
4638 3
4639 2
4640 0
4641 4
4642 4
4643 6
4644 2
4645 2
4646 1
4647 0
4648 6
4649 7
4650 3
4651 6
4652 0
4653 0
4654 0
4655 0
4656 5
4657 7
4658 3
4659 4
4660 4
4661 7
4662 3
4663 3
4664 4
4665 3
4666 3
4667 0
4668 4
4669 5
4670 4
4671 0
4672 2
4673 2
4674 3
4675 2
4676 3
4677 4
4678 0
4679 4
4680 7
4681 1
4682 0
4683 1
4684 6
4685 7
4686 5
4687 0
4688 1
4689 5
4690 3
4691 4
4692 5
4693 1
4694 1
4695 6
4696 4
4697 7
4698 7
4699 7
4700 3
4701 5
4702 7
4703 2
4704 4
4705 1
4706 7
4707 1
4708 0
4709 4
4710 5
4711 6
4712 7
4713 0
4714 2
4715 7
4716 0
4717 7
4718 2
4719 0
4720 5
4721 6
4722 5
4723 1
4724 5
4725 2
4726 4
4727 3
4728 2
4729 3
4730 1
4731 5
4732 5
4733 6
4734 6
4735 5
4736 3
4737 4
4738 0
4739 1
4740 4
4741 3
4742 2
4743 4
4744 5
4745 7
4746 0
4747 2
4748 2
4749 7
4750 1
4751 3
4752 6
4753 5
4754 3
4755 6
4756 5
4757 2
4758 1
4759 3
4760 0
4761 3
4762 5
4763 2
4764 3
4765 6
4766 6
4767 3
4768 5
4769 5
4770 1
4771 0
4772 4
4773 4
4774 2
4775 0
4776 7
4777 7
4778 0
4779 4
4780 1
4781 1
4782 3
4783 2
4784 1
4785 2
4786 4
4787 4
4788 2
4789 4
4790 6
4791 2
4792 0
4793 7
4794 2
4795 1
4796 2
4797 2
4798 3
4799 7
4800 3
4801 5
4802 0
4803 6
4804 1
4805 5
4806 0
4807 5
4808 1
4809 4
4810 6
4811 7
4812 1
4813 3
4814 3
4815 2
4816 0
4817 3
4818 4
4819 0
4820 6
4821 0
4822 7
4823 7
4824 5
4825 1
4826 7
4827 4
4828 2
4829 7
4830 0
4831 0
4832 3
4833 1
4834 7
4835 7
4836 0
4837 1
4838 6
4839 2
4840 4
4841 5
4842 2
4843 3
4844 4
4845 6
4846 7
4847 1
4848 3
4849 1
4850 3
4851 1
4852 5
4853 7
4854 0
4855 1
4856 5
4857 1
4858 0
4859 0
4860 1
4861 2
4862 0
4863 1
4864 4
4865 7
4866 6
4867 1
4868 2
4869 7
4870 4
4871 2
4872 0
4873 1
4874 6
4875 0
4876 3
4877 0
4878 7
4879 0
4880 1
4881 0
4882 6
4883 5
4884 1
4885 3
4886 4
4887 7
4888 2
4889 0
4890 5
4891 0
4892 5
4893 1
4894 3
4895 1
4896 5
4897 5
4898 1
4899 7
4900 6
4901 2
4902 2
4903 7
4904 3
4905 6
4906 4
4907 1
4908 1
4909 0
4910 2
4911 6
4912 4
4913 0
4914 0
4915 1
4916 5
4917 5
4918 0
4919 5
4920 1
4921 2
4922 1
4923 5
4924 4
4925 5
4926 2
4927 0
4928 2
4929 3
4930 5
4931 3
4932 3
4933 0
4934 1
4935 4
4936 0
4937 3
4938 2
4939 5
4940 1
4941 3
4942 2
4943 1
4944 7
4945 6
4946 1
4947 5
4948 1
4949 3
4950 2
4951 3
4952 7
4953 5
4954 6
4955 0
4956 2
4957 3
4958 3
4959 7
4960 3
4961 1
4962 7
4963 5
4964 2
4965 6
4966 4
4967 4
4968 2
4969 4
4970 6
4971 0
4972 4
4973 2
4974 7
4975 1
4976 5
4977 6
4978 1
4979 7
4980 7
4981 6
4982 0
4983 2
4984 0
4985 3
4986 3
4987 4
4988 2
4989 4
4990 4
4991 6
4992 2
4993 1
4994 4
4995 0
4996 5
4997 4
4998 3
4999 0
5000 4
5001 5
5002 4
5003 2
5004 6
5005 7
5006 0
5007 2
5008 0
5009 6
5010 1
5011 4
5012 4
5013 6
5014 2
5015 7
5016 0
5017 4
5018 4
5019 6
5020 7
5021 7
5022 1
5023 5
5024 2
5025 1
5026 2
5027 7
5028 4
5029 3
5030 0
5031 2
5032 5
5033 7
5034 2
5035 0
5036 7
5037 1
5038 5
5039 2
5040 3
5041 6
5042 5
5043 1
5044 3
5045 3
5046 3
5047 6
5048 3
5049 6
5050 1
5051 7
5052 2
5053 7
5054 2
5055 1
5056 4
5057 4
5058 3
5059 4
5060 6
5061 3
5062 3
5063 0
5064 2
5065 3
5066 4
5067 3
5068 5
5069 1
5070 4
5071 2
5072 3
5073 2
5074 5
5075 3
5076 5
5077 2
5078 2
5079 0
5080 0
5081 6
5082 2
5083 7
5084 1
5085 5
5086 7
5087 6
5088 4
5089 7
5090 6
5091 0
5092 6
5093 4
5094 1
5095 3
5096 1
5097 3
5098 7
5099 4
5100 3
5101 2
5102 2
5103 1
5104 0
5105 5
5106 1
5107 0
5108 0
5109 2
5110 4
5111 4
5112 6
5113 7
5114 0
5115 2
5116 3
5117 7
5118 1
5119 2
5120 4
5121 3
5122 1
5123 3
5124 6
5125 2
5126 3
5127 6
5128 5
5129 5
5130 3
5131 0
5132 7
5133 5
5134 3
5135 6
5136 2
5137 4
5138 5
5139 2
5140 6
5141 5
5142 6
5143 3
5144 2
5145 7
5146 5
5147 1
5148 5
5149 0
5150 4
5151 0
5152 2
5153 3
5154 1
5155 7
5156 7
5157 1
5158 2
5159 0
5160 3
5161 7
5162 1
5163 6
5164 2
5165 7
5166 7
5167 2
5168 1
5169 0
5170 0
5171 4
5172 5
5173 5
5174 1
5175 2
5176 2
5177 7
5178 6
5179 6
5180 0
5181 0
5182 6
5183 0
5184 4
5185 5
5186 2
5187 3
5188 3
5189 2
5190 5
5191 2
5192 6
5193 4
5194 6
5195 7
5196 2
5197 3
5198 7
5199 1
5200 6
5201 6
5202 2
5203 6
5204 5
5205 4
5206 5
5207 3
5208 6
5209 0
5210 1
5211 1
5212 6
5213 1
5214 5
5215 4
5216 7
5217 5
5218 2
5219 2
5220 0
5221 0
5222 4
5223 2
5224 2
5225 6
5226 0
5227 3
5228 1
5229 3
5230 1
5231 7
5232 7
5233 3
5234 0
5235 5
5236 1
5237 0
5238 2
5239 3
5240 6
5241 0
5242 6
5243 5
5244 0
5245 4
5246 2
5247 3
5248 1
5249 6
5250 1
5251 7
5252 0
5253 4
5254 6
5255 1
5256 0
5257 6
5258 5
5259 2
5260 0
5261 7
5262 5
5263 4
5264 2
5265 3
5266 3
5267 4
5268 4
5269 0
5270 7
5271 1
5272 2
5273 4
5274 0
5275 0
5276 6
5277 6
5278 0
5279 6
5280 3
5281 5
5282 3
5283 5
5284 2
5285 5
5286 2
5287 6
5288 1
5289 5
5290 4
5291 6
5292 0
5293 5
5294 4
5295 3
5296 6
5297 0
5298 3
5299 6
5300 5
5301 1
5302 7
5303 6
5304 6
5305 7
5306 3
5307 1
5308 1
5309 5
5310 0
5311 5
5312 2
5313 7
5314 1
5315 3
5316 5
5317 1
5318 6
5319 1
5320 5
5321 6
5322 6
5323 1
5324 7
5325 4
5326 5
5327 5
5328 0
5329 1
5330 0
5331 1
5332 5
5333 3
5334 5
5335 1
5336 7
5337 4
5338 0
5339 6
5340 2
5341 6
5342 1
5343 3
5344 5
5345 6
5346 5
5347 4
5348 1
5349 7
5350 1
5351 7
5352 7
5353 2
5354 4
5355 4
5356 5
5357 4
5358 7
5359 7
5360 0
5361 5
5362 2
5363 1
5364 7
5365 6
5366 0
5367 7
5368 0
5369 6
5370 7
5371 5
5372 3
5373 7
5374 7
5375 2
5376 4
5377 2
5378 5
5379 1
5380 3
5381 3
5382 1
5383 1
5384 1
5385 7
5386 5
5387 6
5388 1
5389 5
5390 4
5391 5
5392 4
5393 3
5394 7
5395 4
5396 1
5397 7
5398 3
5399 4
5400 6
5401 4
5402 1
5403 4
5404 2
5405 3
5406 5
5407 4
5408 6
5409 1
5410 3
5411 2
5412 6
5413 0
5414 1
5415 0
5416 1
5417 5
5418 7
5419 4
5420 0
5421 1
5422 6
5423 1
5424 6
5425 5
5426 5
5427 6
5428 2
5429 3
5430 0
5431 1
5432 4
5433 3
5434 3
5435 1
5436 0
5437 6
5438 3
5439 6
5440 1
5441 1
5442 7
5443 3
5444 0
5445 1
5446 1
5447 3
5448 5
5449 1
5450 7
5451 7
5452 1
5453 4
5454 1
5455 3
5456 7
5457 7
5458 4
5459 6
5460 3
5461 4
5462 3
5463 3
5464 5
5465 5
5466 5
5467 2
5468 5
5469 2
5470 4
5471 4
5472 5
5473 1
5474 2
5475 3
5476 5
5477 7
5478 0
5479 0
5480 6
5481 1
5482 1
5483 4
5484 2
5485 0
5486 2
5487 1
5488 4
5489 7
5490 0
5491 1
5492 6
5493 6
5494 0
5495 3
5496 5
5497 1
5498 3
5499 1
5500 6
5501 3
5502 2
5503 3
5504 3
5505 1
5506 2
5507 0
5508 1
5509 4
5510 5
5511 2
5512 6
5513 4
5514 0
5515 2
5516 0
5517 0
5518 0
5519 2
5520 2
5521 3
5522 4
5523 1
5524 4
5525 3
5526 0
5527 3
5528 0
5529 7
5530 3
5531 7
5532 4
5533 0
5534 5
5535 6
5536 7
5537 7
5538 1
5539 0
5540 0
5541 0
5542 2
5543 7
5544 5
5545 7
5546 7
5547 5
5548 4
5549 6
5550 5
5551 1
5552 7
5553 6
5554 0
5555 2
5556 7
5557 2
5558 3
5559 2
5560 7
5561 0
5562 3
5563 7
5564 3
5565 5
5566 5
5567 6
5568 2
5569 7
5570 0
5571 6
5572 4
5573 4
5574 6
5575 4
5576 6
5577 5
5578 2
5579 7
5580 4
5581 0
5582 3
5583 6
5584 3
5585 2
5586 3
5587 1
5588 5
5589 2
5590 3
5591 1
5592 1
5593 4
5594 4
5595 7
5596 4
5597 7
5598 2
5599 1
5600 5
5601 1
5602 1
5603 5
5604 4
5605 6
5606 4
5607 4
5608 2
5609 5
5610 1
5611 1
5612 1
5613 0
5614 4
5615 4
5616 0
5617 0
5618 5
5619 4
5620 1
5621 6
5622 1
5623 7
5624 6
5625 2
5626 2
5627 7
5628 0
5629 1
5630 0
5631 3
5632 4
5633 2
5634 1
5635 0
5636 3
5637 7
5638 2
5639 1
5640 3
5641 4
5642 5
5643 7
5644 2
5645 2
5646 2
5647 5
5648 7
5649 2
5650 3
5651 7
5652 0
5653 5
5654 1
5655 1
5656 2
5657 7
5658 3
5659 2
5660 0
5661 5
5662 4
5663 2
5664 6
5665 6
5666 3
5667 5
5668 2
5669 1
5670 5
5671 0
5672 5
5673 6
5674 0
5675 0
5676 2
5677 1
5678 0
5679 0
5680 1
5681 2
5682 1
5683 6
5684 7
5685 6
5686 3
5687 2
5688 6
5689 4
5690 5
5691 6
5692 6
5693 1
5694 3
5695 2
5696 1
5697 2
5698 2
5699 0
5700 5
5701 5
5702 0
5703 2
5704 1
5705 4
5706 7
5707 7
5708 5
5709 4
5710 1
5711 4
5712 3
5713 7
5714 0
5715 0
5716 0
5717 2
5718 2
5719 6
5720 5
5721 7
5722 1
5723 0
5724 1
5725 5
5726 1
5727 4
5728 5
5729 7
5730 0
5731 3
5732 5
5733 7
5734 4
5735 4
5736 3
5737 7
5738 3
5739 7
5740 4
5741 6
5742 7
5743 5
5744 4
5745 2
5746 6
5747 4
5748 5
5749 1
5750 5
5751 2
5752 1
5753 1
5754 1
5755 6
5756 5
5757 3
5758 5
5759 5
5760 7
5761 4
5762 5
5763 4
5764 7
5765 4
5766 1
5767 3
5768 5
5769 4
5770 5
5771 0
5772 5
5773 5
5774 7
5775 3
5776 7
5777 0
5778 5
5779 4
5780 1
5781 1
5782 2
5783 6
5784 0
5785 0
5786 1
5787 3
5788 2
5789 5
5790 3
5791 5
5792 1
5793 6
5794 7
5795 2
5796 3
5797 2
5798 4
5799 3
5800 5
5801 0
5802 7
5803 7
5804 3
5805 3
5806 5
5807 1
5808 0
5809 7
5810 2
5811 6
5812 3
5813 4
5814 5
5815 6
5816 6
5817 7
5818 0
5819 6
5820 0
5821 4
5822 3
5823 3
5824 5
5825 6
5826 7
5827 5
5828 1
5829 1
5830 4
5831 1
5832 1
5833 6
5834 1
5835 6
5836 1
5837 6
5838 5
5839 2
5840 6
5841 0
5842 0
5843 7
5844 6
5845 4
5846 0
5847 5
5848 0
5849 2
5850 1
5851 6
5852 3
5853 5
5854 0
5855 4
5856 7
5857 4
5858 2
5859 1
5860 3
5861 2
5862 7
5863 5
5864 2
5865 1
5866 2
5867 3
5868 4
5869 1
5870 7
5871 5
5872 7
5873 0
5874 3
5875 7
5876 3
5877 6
5878 0
5879 7
5880 5
5881 0
5882 4
5883 0
5884 1
5885 6
5886 0
5887 5
5888 0
5889 6
5890 7
5891 7
5892 6
5893 5
5894 4
5895 6
5896 0
5897 1
5898 5
5899 1
5900 1
5901 0
5902 2
5903 2
5904 7
5905 7
5906 3
5907 6
5908 5
5909 0
5910 0
5911 3
5912 3
5913 7
5914 7
5915 2
5916 0
5917 7
5918 7
5919 0
5920 4
5921 3
5922 2
5923 7
5924 6
5925 5
5926 3
5927 5
5928 5
5929 1
5930 6
5931 4
5932 4
5933 0
5934 4
5935 1
5936 4
5937 4
5938 5
5939 7
5940 3
5941 1
5942 6
5943 5
5944 0
5945 1
5946 7
5947 7
5948 4
5949 1
5950 6
5951 6
5952 5
5953 1
5954 6
5955 7
5956 5
5957 3
5958 6
5959 4
5960 7
5961 0
5962 5
5963 6
5964 2
5965 0
5966 1
5967 1
5968 1
5969 2
5970 5
5971 2
5972 4
5973 0
5974 4
5975 3
5976 1
5977 2
5978 3
5979 5
5980 5
5981 5
5982 4
5983 4
5984 6
5985 3
5986 6
5987 0
5988 2
5989 5
5990 4
5991 7
5992 1
5993 0
5994 1
5995 1
5996 4
5997 1
5998 0
5999 1
6000 7
6001 7
6002 1
6003 6
6004 0
6005 4
6006 6
6007 6
6008 4
6009 1
6010 2
6011 0
6012 7
6013 1
6014 5
6015 4
6016 4
6017 0
6018 0
6019 2
6020 3
6021 3
6022 5
6023 4
6024 5
6025 5
6026 0
6027 3
6028 4
6029 1
6030 1
6031 0
6032 0
6033 6
6034 0
6035 2
6036 3
6037 5
6038 2
6039 7
6040 3
6041 5
6042 7
6043 4
6044 0
6045 1
6046 1
6047 4
6048 1
6049 4
6050 1
6051 0
6052 5
6053 5
6054 5
6055 6
6056 0
6057 1
6058 0
6059 3
6060 0
6061 0
6062 0
6063 4
6064 0
6065 6
6066 5
6067 7
6068 1
6069 1
6070 7
6071 2
6072 6
6073 7
6074 0
6075 2
6076 6
6077 0
6078 6
6079 7
6080 5
6081 1
6082 6
6083 4
6084 0
6085 2
6086 0
6087 5
6088 5
6089 0
6090 2
6091 0
6092 5
6093 5
6094 0
6095 6
6096 6
6097 0
6098 3
6099 6
6100 5
6101 3
6102 7
6103 0
6104 3
6105 1
6106 6
6107 4
6108 5
6109 7
6110 4
6111 4
6112 2
6113 4
6114 3
6115 3
6116 3
6117 7
6118 4
6119 4
6120 1
6121 3
6122 3
6123 0
6124 0
6125 6
6126 6
6127 2
6128 5
6129 6
6130 5
6131 0
6132 5
6133 7
6134 6
6135 4
6136 3
6137 6
6138 0
6139 4
6140 6
6141 1
6142 6
6143 0
6144 7
6145 0
6146 6
6147 7
6148 2
6149 6
6150 2
6151 6
6152 0
6153 2
6154 4
6155 6
6156 0
6157 4
6158 2
6159 1
6160 1
6161 3
6162 0
6163 2
6164 3
6165 0
6166 6
6167 3
6168 4
6169 0
6170 6
6171 0
6172 6
6173 2
6174 5
6175 7
6176 7
6177 3
6178 1
6179 1
6180 7
6181 1
6182 7
6183 1
6184 0
6185 3
6186 7
6187 0
6188 1
6189 0
6190 2
6191 3
6192 2
6193 0
6194 0
6195 4
6196 1
6197 2
6198 2
6199 6
6200 7
6201 0
6202 6
6203 1
6204 4
6205 2
6206 3
6207 4
6208 0
6209 4
6210 6
6211 3
6212 7
6213 6
6214 5
6215 4
6216 5
6217 1
6218 1
6219 6
6220 5
6221 1
6222 4
6223 0
6224 3
6225 5
6226 7
6227 4
6228 1
6229 1
6230 1
6231 5
6232 6
6233 2
6234 1
6235 5
6236 5
6237 4
6238 0
6239 4
6240 2
6241 7
6242 1
6243 7
6244 7
6245 3
6246 1
6247 6
6248 4
6249 3
6250 4
6251 6
6252 2
6253 1
6254 4
6255 4
6256 7
6257 4
6258 4
6259 1
6260 3
6261 7
6262 2
6263 2
6264 7
6265 5
6266 7
6267 6
6268 3
6269 1
6270 4
6271 6
6272 4
6273 5
6274 7
6275 7
6276 7
6277 4
6278 6
6279 7
6280 4
6281 5
6282 5
6283 1
6284 1
6285 0
6286 4
6287 0
6288 1
6289 6
6290 1
6291 4
6292 0
6293 7
6294 6
6295 1
6296 2
6297 2
6298 5
6299 7
6300 0
6301 2
6302 2
6303 4
6304 5
6305 0
6306 4
6307 3
6308 3
6309 2
6310 5
6311 4
6312 7
6313 1
6314 4
6315 2
6316 1
6317 7
6318 0
6319 5
6320 4
6321 5
6322 4
6323 7
6324 6
6325 6
6326 6
6327 2
6328 3
6329 6
6330 5
6331 4
6332 0
6333 6
6334 4
6335 2
6336 2
6337 4
6338 7
6339 6
6340 0
6341 1
6342 3
6343 7
6344 0
6345 2
6346 2
6347 5
6348 4
6349 5
6350 6
6351 4
6352 3
6353 6
6354 3
6355 1
6356 7
6357 4
6358 3
6359 0
6360 4
6361 3
6362 2
6363 4
6364 0
6365 1
6366 4
6367 1
6368 1
6369 1
6370 1
6371 2
6372 7
6373 0
6374 0
6375 2
6376 2
6377 0
6378 4
6379 0
6380 3
6381 3
6382 6
6383 5
6384 3
6385 1
6386 0
6387 5
6388 5
6389 0
6390 4
6391 5
6392 3
6393 1
6394 6
6395 1
6396 7
6397 2
6398 4
6399 5
6400 5
6401 5
6402 4
6403 7
6404 2
6405 5
6406 2
6407 3
6408 7
6409 0
6410 0
6411 3
6412 4
6413 7
6414 1
6415 7
6416 6
6417 1
6418 5
6419 1
6420 0
6421 7
6422 1
6423 1
6424 4
6425 2
6426 0
6427 6
6428 4
6429 5
6430 1
6431 7
6432 5
6433 5
6434 4
6435 4
6436 7
6437 3
6438 3
6439 1
6440 4
6441 3
6442 1
6443 2
6444 7
6445 2
6446 4
6447 1
6448 4
6449 3
6450 5
6451 5
6452 6
6453 6
6454 0
6455 6
6456 6
6457 1
6458 3
6459 4
6460 5
6461 7
6462 6
6463 0
6464 5
6465 2
6466 3
6467 7
6468 6
6469 5
6470 7
6471 6
6472 6
6473 4
6474 3
6475 5
6476 1
6477 2
6478 3
6479 5
6480 2
6481 5
6482 3
6483 7
6484 1
6485 6
6486 6
6487 3
6488 2
6489 0
6490 4
6491 3
6492 1
6493 2
6494 1
6495 2
6496 2
6497 2
6498 0
6499 2
6500 2
6501 4
6502 1
6503 5
6504 0
6505 7
6506 5
6507 5
6508 7
6509 1
6510 5
6511 4
6512 7
6513 0
6514 7
6515 4
6516 4
6517 3
6518 4
6519 7
6520 4
6521 4
6522 7
6523 5
6524 1
6525 6
6526 2
6527 1
6528 0
6529 5
6530 4
6531 0
6532 7
6533 7
6534 0
6535 4
6536 5
6537 3
6538 2
6539 0
6540 6
6541 7
6542 0
6543 0
6544 5
6545 4
6546 2
6547 0
6548 6
6549 6
6550 4
6551 0
6552 6
6553 7
6554 6
6555 6
6556 3
6557 0
6558 2
6559 0
6560 6
6561 7
6562 6
6563 1
6564 7
6565 5
6566 0
6567 1
6568 2
6569 4
6570 2
6571 3
6572 6
6573 6
6574 5
6575 1
6576 0
6577 1
6578 0
6579 4
6580 0
6581 6
6582 3
6583 7
6584 7
6585 4
6586 5
6587 6
6588 5
6589 3
6590 1
6591 4
6592 1
6593 7
6594 6
6595 7
6596 3
6597 0
6598 4
6599 1
6600 0
6601 7
6602 6
6603 5
6604 0
6605 3
6606 5
6607 1
6608 4
6609 1
6610 0
6611 6
6612 4
6613 5
6614 6
6615 5
6616 0
6617 4
6618 1
6619 5
6620 3
6621 4
6622 6
6623 6
6624 2
6625 5
6626 5
6627 5
6628 0
6629 2
6630 4
6631 6
6632 6
6633 0
6634 6
6635 2
6636 4
6637 7
6638 3
6639 1
6640 6
6641 5
6642 2
6643 5
6644 3
6645 5
6646 2
6647 5
6648 0
6649 2
6650 1
6651 6
6652 5
6653 7
6654 2
6655 3
6656 1
6657 6
6658 0
6659 3
6660 3
6661 1
6662 6
6663 4
6664 4
6665 4
6666 6
6667 2
6668 2
6669 6
6670 5
6671 7
6672 5
6673 6
6674 7
6675 7
6676 6
6677 5
6678 5
6679 6
6680 5
6681 4
6682 4
6683 4
6684 2
6685 0
6686 3
6687 5
6688 5
6689 4
6690 5
6691 7
6692 5
6693 2
6694 6
6695 5
6696 5
6697 1
6698 7
6699 5
6700 3
6701 2
6702 1
6703 7
6704 3
6705 5
6706 0
6707 7
6708 6
6709 4
6710 4
6711 1
6712 4
6713 4
6714 2
6715 3
6716 4
6717 0
6718 5
6719 5
6720 1
6721 1
6722 2
6723 3
6724 7
6725 5
6726 6
6727 5
6728 4
6729 4
6730 5
6731 0
6732 0
6733 7
6734 5
6735 5
6736 0
6737 1
6738 7
6739 4
6740 5
6741 2
6742 3
6743 0
6744 3
6745 1
6746 7
6747 1
6748 4
6749 5
6750 6
6751 2
6752 2
6753 0
6754 6
6755 5
6756 0
6757 1
6758 1
6759 7
6760 1
6761 0
6762 5
6763 7
6764 0
6765 2
6766 5
6767 6
6768 3
6769 7
6770 2
6771 1
6772 1
6773 1
6774 1
6775 0
6776 4
6777 2
6778 6
6779 4
6780 6
6781 0
6782 2
6783 6
6784 1
6785 2
6786 1
6787 5
6788 1
6789 4
6790 1
6791 5
6792 0
6793 6
6794 4
6795 6
6796 6
6797 2
6798 1
6799 1
6800 5
6801 2
6802 4
6803 3
6804 5
6805 6
6806 5
6807 1
6808 6
6809 3
6810 1
6811 1
6812 2
6813 7
6814 2
6815 1
6816 6
6817 7
6818 6
6819 7
6820 5
6821 2
6822 6
6823 7
6824 6
6825 1
6826 7
6827 6
6828 0
6829 0
6830 4
6831 4
6832 0
6833 0
6834 4
6835 0
6836 5
6837 6
6838 4
6839 0
6840 3
6841 0
6842 4
6843 5
6844 6
6845 2
6846 0
6847 1
6848 4
6849 7
6850 0
6851 3
6852 3
6853 4
6854 0
6855 1
6856 3
6857 5
6858 3
6859 0
6860 5
6861 7
6862 0
6863 1
6864 3
6865 7
6866 0
6867 5
6868 3
6869 2
6870 7
6871 0
6872 1
6873 2
6874 1
6875 5
6876 7
6877 2
6878 2
6879 1
6880 0
6881 2
6882 4
6883 5
6884 6
6885 7
6886 1
6887 6
6888 3
6889 5
6890 4
6891 4
6892 6
6893 2
6894 0
6895 3
6896 4
6897 1
6898 4
6899 7
6900 4
6901 5
6902 0
6903 5
6904 7
6905 3
6906 6
6907 0
6908 5
6909 3
6910 2
6911 5
6912 6
6913 2
6914 6
6915 3
6916 2
6917 6
6918 2
6919 5
6920 6
6921 3
6922 5
6923 1
6924 5
6925 0
6926 4
6927 4
6928 4
6929 3
6930 3
6931 7
6932 1
6933 7
6934 6
6935 7
6936 2
6937 1
6938 6
6939 4
6940 3
6941 7
6942 1
6943 7
6944 4
6945 4
6946 2
6947 6
6948 5
6949 5
6950 1
6951 0
6952 3
6953 0
6954 1
6955 6
6956 3
6957 3
6958 7
6959 1
6960 7
6961 3
6962 6
6963 0
6964 4
6965 2
6966 6
6967 1
6968 3
6969 4
6970 1
6971 7
6972 0
6973 3
6974 0
6975 3
6976 6
6977 7
6978 6
6979 1
6980 5
6981 1
6982 5
6983 1
6984 3
6985 4
6986 5
6987 2
6988 5
6989 3
6990 0
6991 0
6992 7
6993 0
6994 4
6995 3
6996 0
6997 0
6998 5
6999 7
7000 2
7001 4
7002 2
7003 1
7004 6
7005 5
7006 5
7007 3
7008 0
7009 4
7010 3
7011 4
7012 5
7013 6
7014 6
7015 3
7016 5
7017 3
7018 4
7019 7
7020 3
7021 0
7022 0
7023 6
7024 6
7025 0
7026 7
7027 3
7028 1
7029 3
7030 2
7031 3
7032 0
7033 7
7034 4
7035 4
7036 1
7037 4
7038 0
7039 6
7040 5
7041 0
7042 5
7043 7
7044 4
7045 4
7046 3
7047 7
7048 2
7049 4
7050 2
7051 7
7052 1
7053 3
7054 4
7055 3
7056 4
7057 6
7058 7
7059 3
7060 0
7061 1
7062 1
7063 5
7064 5
7065 7
7066 1
7067 0
7068 2
7069 3
7070 1
7071 7
7072 5
7073 5
7074 7
7075 1
7076 1
7077 7
7078 0
7079 1
7080 1
7081 3
7082 2
7083 4
7084 2
7085 5
7086 6
7087 0
7088 6
7089 7
7090 6
7091 3
7092 0
7093 3
7094 4
7095 1
7096 6
7097 3
7098 6
7099 5
7100 4
7101 1
7102 6
7103 6
7104 2
7105 3
7106 2
7107 4
7108 5
7109 5
7110 3
7111 5
7112 5
7113 0
7114 5
7115 2
7116 4
7117 6
7118 1
7119 5
7120 0
7121 5
7122 4
7123 1
7124 7
7125 2
7126 3
7127 4
7128 1
7129 6
7130 7
7131 0
7132 3
7133 3
7134 0
7135 7
7136 5
7137 6
7138 0
7139 2
7140 4
7141 3
7142 4
7143 6
7144 2
7145 7
7146 3
7147 3
7148 6
7149 3
7150 1
7151 2
7152 7
7153 7
7154 7
7155 1
7156 0
7157 7
7158 5
7159 0
7160 0
7161 5
7162 2
7163 6
7164 0
7165 2
7166 0
7167 0
7168 7
7169 3
7170 1
7171 4
7172 2
7173 0
7174 6
7175 4
7176 6
7177 6
7178 6
7179 6
7180 0
7181 0
7182 2
7183 4
7184 4
7185 4
7186 0
7187 7
7188 3
7189 1
7190 3
7191 5
7192 2
7193 0
7194 7
7195 2
7196 3
7197 3
7198 1
7199 0
7200 0
7201 7
7202 6
7203 2
7204 3
7205 4
7206 3
7207 6
7208 6
7209 4
7210 3
7211 6
7212 5
7213 1
7214 4
7215 4
7216 0
7217 5
7218 0
7219 3
7220 6
7221 2
7222 2
7223 1
7224 5
7225 7
7226 6
7227 7
7228 3
7229 5
7230 7
7231 3
7232 3
7233 0
7234 0
7235 3
7236 5
7237 4
7238 1
7239 3
7240 0
7241 1
7242 6
7243 2
7244 5
7245 6
7246 0
7247 4
7248 6
7249 7
7250 0
7251 5
7252 7
7253 1
7254 1
7255 6
7256 5
7257 4
7258 6
7259 3
7260 2
7261 1
7262 1
7263 3
7264 7
7265 5
7266 1
7267 4
7268 3
7269 1
7270 7
7271 1
7272 0
7273 2
7274 6
7275 6
7276 0
7277 1
7278 1
7279 2
7280 5
7281 3
7282 7
7283 4
7284 4
7285 0
7286 1
7287 7
7288 2
7289 3
7290 2
7291 7
7292 7
7293 3
7294 0
7295 0
7296 6
7297 0
7298 1
7299 4
7300 6
7301 1
7302 6
7303 0
7304 2
7305 7
7306 4
7307 5
7308 5
7309 3
7310 3
7311 1
7312 2
7313 0
7314 7
7315 3
7316 0
7317 3
7318 5
7319 7
7320 4
7321 1
7322 7
7323 3
7324 4
7325 6
7326 0
7327 1
7328 5
7329 5
7330 0
7331 1
7332 0
7333 4
7334 7
7335 5
7336 6
7337 1
7338 5
7339 1
7340 5
7341 7
7342 1
7343 3
7344 4
7345 5
7346 7
7347 1
7348 2
7349 6
7350 5
7351 7
7352 1
7353 4
7354 3
7355 1
7356 1
7357 5
7358 1
7359 2
7360 7
7361 3
7362 6
7363 0
7364 0
7365 4
7366 0
7367 6
7368 1
7369 7
7370 2
7371 6
7372 0
7373 3
7374 0
7375 1
7376 3
7377 0
7378 2
7379 2
7380 3
7381 0
7382 5
7383 5
7384 3
7385 7
7386 7
7387 5
7388 6
7389 4
7390 4
7391 1
7392 4
7393 4
7394 1
7395 0
7396 1
7397 7
7398 1
7399 2
7400 2
7401 3
7402 7
7403 1
7404 1
7405 7
7406 1
7407 2
7408 0
7409 3
7410 0
7411 3
7412 6
7413 1
7414 5
7415 6
7416 0
7417 3
7418 0
7419 4
7420 6
7421 1
7422 5
7423 1
7424 7
7425 6
7426 7
7427 2
7428 6
7429 3
7430 3
7431 4
7432 3
7433 4
7434 2
7435 2
7436 2
7437 6
7438 5
7439 7
7440 3
7441 2
7442 4
7443 3
7444 4
7445 3
7446 3
7447 5
7448 0
7449 1
7450 5
7451 1
7452 5
7453 0
7454 4
7455 5
7456 7
7457 3
7458 7
7459 3
7460 1
7461 5
7462 2
7463 7
7464 2
7465 3
7466 2
7467 3
7468 4
7469 3
7470 4
7471 6
7472 3
7473 6
7474 7
7475 5
7476 5
7477 4
7478 0
7479 0
7480 1
7481 0
7482 5
7483 6
7484 2
7485 2
7486 4
7487 3
7488 0
7489 5
7490 1
7491 6
7492 5
7493 7
7494 7
7495 5
7496 7
7497 2
7498 6
7499 5
7500 4
7501 1
7502 0
7503 2
7504 1
7505 4
7506 3
7507 5
7508 0
7509 4
7510 1
7511 3
7512 2
7513 1
7514 7
7515 3
7516 0
7517 3
7518 0
7519 4
7520 7
7521 5
7522 1
7523 3
7524 2
7525 0
7526 2
7527 3
7528 6
7529 6
7530 3
7531 6
7532 6
7533 6
7534 5
7535 1
7536 6
7537 4
7538 6
7539 1
7540 6
7541 4
7542 0
7543 2
7544 4
7545 6
7546 5
7547 5
7548 3
7549 6
7550 4
7551 0
7552 7
7553 7
7554 7
7555 0
7556 0
7557 7
7558 4
7559 4
7560 5
7561 2
7562 5
7563 5
7564 0
7565 2
7566 3
7567 1
7568 5
7569 0
7570 6
7571 5
7572 7
7573 1
7574 1
7575 0
7576 5
7577 0
7578 4
7579 6
7580 5
7581 2
7582 7
7583 7
7584 4
7585 0
7586 5
7587 4
7588 3
7589 2
7590 0
7591 7
7592 6
7593 1
7594 6
7595 2
7596 3
7597 2
7598 3
7599 2
7600 1
7601 6
7602 2
7603 3
7604 6
7605 3
7606 3
7607 6
7608 6
7609 0
7610 3
7611 6
7612 7
7613 3
7614 7
7615 0
7616 1
7617 0
7618 4
7619 6
7620 5
7621 2
7622 0
7623 5
7624 1
7625 4
7626 0
7627 5
7628 2
7629 0
7630 4
7631 5
7632 5
7633 1
7634 1
7635 5
7636 2
7637 5
7638 5
7639 4
7640 6
7641 1
7642 7
7643 7
7644 2
7645 4
7646 5
7647 5
7648 5
7649 6
7650 3
7651 0
7652 1
7653 0
7654 7
7655 3
7656 0
7657 7
7658 3
7659 6
7660 2
7661 4
7662 7
7663 0
7664 3
7665 2
7666 5
7667 0
7668 4
7669 3
7670 7
7671 6
7672 3
7673 4
7674 0
7675 2
7676 2
7677 0
7678 7
7679 4
7680 2
7681 0
7682 7
7683 0
7684 7
7685 7
7686 5
7687 7
7688 0
7689 2
7690 3
7691 6
7692 5
7693 6
7694 0
7695 0
7696 0
7697 4
7698 7
7699 6
7700 6
7701 5
7702 4
7703 5
7704 5
7705 2
7706 3
7707 0
7708 7
7709 4
7710 6
7711 7
7712 7
7713 4
7714 0
7715 5
7716 3
7717 6
7718 2
7719 3
7720 0
7721 5
7722 3
7723 3
7724 1
7725 3
7726 3
7727 3
7728 3
7729 6
7730 7
7731 5
7732 1
7733 5
7734 5
7735 7
7736 1
7737 2
7738 6
7739 1
7740 7
7741 6
7742 5
7743 0
7744 5
7745 0
7746 1
7747 1
7748 6
7749 4
7750 1
7751 1
7752 0
7753 5
7754 5
7755 4
7756 2
7757 3
7758 6
7759 4
7760 5
7761 3
7762 0
7763 1
7764 3
7765 7
7766 2
7767 1
7768 7
7769 6
7770 1
7771 1
7772 7
7773 0
7774 0
7775 3
7776 6
7777 4
7778 2
7779 0
7780 4
7781 3
7782 1
7783 1
7784 1
7785 5
7786 3
7787 3
7788 2
7789 1
7790 5
7791 6
7792 0
7793 5
7794 4
7795 4
7796 6
7797 6
7798 6
7799 1
7800 0
7801 0
7802 7
7803 6
7804 3
7805 1
7806 0
7807 7
7808 7
7809 7
7810 0
7811 3
7812 6
7813 2
7814 2
7815 0
7816 6
7817 2
7818 2
7819 4
7820 7
7821 1
7822 2
7823 2
7824 2
7825 6
7826 0
7827 5
7828 0
7829 6
7830 5
7831 4
7832 5
7833 6
7834 6
7835 0
7836 3
7837 2
7838 6
7839 5
7840 5
7841 0
7842 3
7843 4
7844 1
7845 1
7846 1
7847 2
7848 2
7849 0
7850 2
7851 7
7852 7
7853 7
7854 6
7855 4
7856 5
7857 5
7858 1
7859 5
7860 0
7861 5
7862 2
7863 5
7864 7
7865 2
7866 5
7867 2
7868 2
7869 4
7870 4
7871 1
7872 5
7873 5
7874 0
7875 7
7876 5
7877 6
7878 6
7879 5
7880 0
7881 0
7882 6
7883 2
7884 2
7885 5
7886 2
7887 6
7888 0
7889 3
7890 1
7891 3
7892 4
7893 0
7894 2
7895 2
7896 7
7897 5
7898 5
7899 5
7900 4
7901 3
7902 4
7903 5
7904 4
7905 1
7906 1
7907 7
7908 6
7909 4
7910 4
7911 7
7912 0
7913 1
7914 6
7915 7
7916 5
7917 0
7918 2
7919 4
7920 7
7921 1
7922 7
7923 5
7924 5
7925 1
7926 5
7927 6
7928 4
7929 3
7930 7
7931 0
7932 1
7933 7
7934 5
7935 7
7936 0
7937 5
7938 2
7939 0
7940 4
7941 3
7942 6
7943 5
7944 0
7945 5
7946 2
7947 0
7948 4
7949 0
7950 2
7951 7
7952 7
7953 1
7954 1
7955 0
7956 5
7957 1
7958 5
7959 7
7960 7
7961 1
7962 1
7963 4
7964 6
7965 5
7966 5
7967 6
7968 7
7969 5
7970 6
7971 0
7972 0
7973 3
7974 3
7975 3
7976 1
7977 4
7978 3
7979 7
7980 2
7981 6
7982 1
7983 3
7984 5
7985 5
7986 2
7987 6
7988 2
7989 4
7990 7
7991 4
7992 7
7993 6
7994 1
7995 3
7996 3
7997 1
7998 1
7999 6
8000 1
8001 0
8002 0
8003 3
8004 6
8005 2
8006 7
8007 3
8008 2
8009 7
8010 0
8011 1
8012 2
8013 7
8014 4
8015 3
8016 7
8017 7
8018 4
8019 4
8020 2
8021 1
8022 1
8023 7
8024 3
8025 6
8026 3
8027 6
8028 7
8029 1
8030 4
8031 3
8032 5
8033 0
8034 5
8035 7
8036 3
8037 1
8038 6
8039 2
8040 6
8041 6
8042 1
8043 1
8044 7
8045 2
8046 2
8047 4
8048 6
8049 1
8050 3
8051 1
8052 1
8053 2
8054 7
8055 4
8056 4
8057 4
8058 1
8059 2
8060 0
8061 5
8062 6
8063 3
8064 6
8065 3
8066 3
8067 3
8068 5
8069 6
8070 4
8071 0
8072 0
8073 3
8074 3
8075 2
8076 0
8077 1
8078 0
8079 7
8080 2
8081 6
8082 3
8083 5
8084 3
8085 6
8086 6
8087 4
8088 6
8089 5
8090 4
8091 1
8092 1
8093 0
8094 1
8095 7
8096 6
8097 5
8098 1
8099 5
8100 3
8101 0
8102 1
8103 2
8104 4
8105 7
8106 7
8107 7
8108 7
8109 7
8110 4
8111 1
8112 7
8113 6
8114 2
8115 4
8116 4
8117 7
8118 6
8119 4
8120 3
8121 7
8122 4
8123 1
8124 1
8125 4
8126 3
8127 7
8128 3
8129 7
8130 5
8131 3
8132 3
8133 1
8134 4
8135 6
8136 5
8137 0
8138 3
8139 1
8140 3
8141 1
8142 4
8143 1
8144 5
8145 2
8146 1
8147 2
8148 2
8149 6
8150 3
8151 2
8152 7
8153 5
8154 6
8155 5
8156 2
8157 1
8158 5
8159 3
8160 0
8161 2
8162 5
8163 0
8164 3
8165 5
8166 3
8167 0
8168 7
8169 2
8170 7
8171 6
8172 6
8173 0
8174 2
8175 6
8176 7
8177 0
8178 1
8179 6
8180 6
8181 4
8182 2
8183 3
8184 3
8185 2
8186 6
8187 5
8188 3
8189 4
8190 2
8191 6
8192 0
8193 4
8194 4
8195 1
8196 3
8197 5
8198 1
8199 0
8200 2
8201 0
8202 1
8203 1
8204 7
8205 5
8206 6
8207 6
8208 2
8209 6
8210 1
8211 4
8212 1
8213 7
8214 1
8215 0
8216 7
8217 7
8218 6
8219 4
8220 7
8221 0
8222 5
8223 0
8224 6
8225 2
8226 1
8227 4
8228 7
8229 5
8230 6
8231 4
8232 2
8233 5
8234 3
8235 0
8236 5
8237 7
8238 4
8239 5
8240 2
8241 4
8242 7
8243 1
8244 0
8245 0
8246 4
8247 4
8248 5
8249 1
8250 0
8251 6
8252 2
8253 5
8254 5
8255 2
8256 5
8257 1
8258 0
8259 5
8260 4
8261 1
8262 0
8263 1
8264 5
8265 7
8266 3
8267 0
8268 1
8269 6
8270 0
8271 4
8272 1
8273 0
8274 1
8275 1
8276 6
8277 7
8278 1
8279 0
8280 5
8281 4
8282 4
8283 2
8284 4
8285 3
8286 1
8287 6
8288 3
8289 5
8290 6
8291 5
8292 7
8293 1
8294 1
8295 0
8296 0
8297 2
8298 5
8299 1
8300 1
8301 3
8302 0
8303 6
8304 2
8305 3
8306 3
8307 0
8308 1
8309 6
8310 7
8311 3
8312 6
8313 4
8314 7
8315 0
8316 1
8317 6
8318 1
8319 2
8320 6
8321 2
8322 7
8323 6
8324 7
8325 2
8326 6
8327 1
8328 6
8329 2
8330 5
8331 6
8332 0
8333 2
8334 3
8335 1
8336 7
8337 2
8338 2
8339 6
8340 2
8341 1
8342 6
8343 5
8344 6
8345 1
8346 4
8347 6
8348 5
8349 7
8350 1
8351 6
8352 3
8353 7
8354 0
8355 1
8356 2
8357 3
8358 0
8359 1
8360 2
8361 2
8362 4
8363 5
8364 3
8365 6
8366 4
8367 5
8368 1
8369 1
8370 0
8371 5
8372 3
8373 7
8374 1
8375 0
8376 5
8377 3
8378 6
8379 3
8380 3
8381 1
8382 2
8383 6
8384 2
8385 6
8386 1
8387 3
8388 6
8389 5
8390 7
8391 7
8392 2
8393 7
8394 3
8395 6
8396 6
8397 1
8398 0
8399 4
8400 0
8401 0
8402 7
8403 4
8404 1
8405 1
8406 3
8407 0
8408 1
8409 0
8410 4
8411 2
8412 0
8413 7
8414 6
8415 5
8416 5
8417 7
8418 2
8419 0
8420 5
8421 4
8422 6
8423 6
8424 6
8425 7
8426 6
8427 5
8428 3
8429 2
8430 5
8431 6
8432 1
8433 6
8434 0
8435 5
8436 3
8437 6
8438 5
8439 2
8440 7
8441 1
8442 1
8443 6
8444 7
8445 2
8446 7
8447 3
8448 3
8449 7
8450 4
8451 6
8452 6
8453 5
8454 4
8455 5
8456 1
8457 7
8458 3
8459 3
8460 4
8461 0
8462 4
8463 4
8464 6
8465 6
8466 5
8467 5
8468 3
8469 3
8470 1
8471 6
8472 6
8473 2
8474 2
8475 2
8476 7
8477 7
8478 5
8479 1
8480 5
8481 2
8482 2
8483 1
8484 2
8485 1
8486 6
8487 0
8488 4
8489 7
8490 1
8491 4
8492 3
8493 2
8494 1
8495 7
8496 0
8497 3
8498 0
8499 5
8500 2
8501 0
8502 6
8503 1
8504 1
8505 4
8506 5
8507 1
8508 6
8509 0
8510 1
8511 3
8512 5
8513 5
8514 5
8515 2
8516 6
8517 3
8518 6
8519 7
8520 6
8521 2
8522 1
8523 1
8524 3
8525 0
8526 2
8527 3
8528 6
8529 3
8530 5
8531 3
8532 7
8533 7
8534 1
8535 5
8536 1
8537 5
8538 4
8539 5
8540 0
8541 0
8542 7
8543 5
8544 4
8545 6
8546 1
8547 5
8548 5
8549 3
8550 5
8551 6
8552 4
8553 6
8554 4
8555 7
8556 3
8557 1
8558 0
8559 3
8560 3
8561 7
8562 6
8563 7
8564 5
8565 0
8566 2
8567 7
8568 7
8569 2
8570 1
8571 5
8572 4
8573 5
8574 1
8575 2
8576 5
8577 0
8578 5
8579 6
8580 0
8581 2
8582 2
8583 2
8584 5
8585 2
8586 0
8587 0
8588 2
8589 2
8590 3
8591 6
8592 6
8593 6
8594 0
8595 3
8596 7
8597 3
8598 1
8599 4
8600 7
8601 3
8602 3
8603 5
8604 6
8605 0
8606 0
8607 7
8608 4
8609 0
8610 3
8611 3
8612 0
8613 1
8614 5
8615 3
8616 5
8617 4
8618 0
8619 6
8620 4
8621 3
8622 4
8623 6
8624 7
8625 2
8626 4
8627 3
8628 3
8629 1
8630 5
8631 6
8632 0
8633 5
8634 7
8635 3
8636 2
8637 5
8638 6
8639 3
8640 4
8641 4
8642 5
8643 6
8644 4
8645 3
8646 3
8647 3
8648 3
8649 6
8650 7
8651 6
8652 0
8653 1
8654 7
8655 7
8656 0
8657 3
8658 4
8659 2
8660 7
8661 0
8662 4
8663 1
8664 5
8665 5
8666 7
8667 4
8668 7
8669 5
8670 4
8671 6
8672 3
8673 0
8674 2
8675 3
8676 2
8677 0
8678 1
8679 5
8680 4
8681 4
8682 1
8683 1
8684 1
8685 0
8686 7
8687 2
8688 3
8689 5
8690 1
8691 2
8692 5
8693 0
8694 3
8695 0
8696 1
8697 1
8698 6
8699 3
8700 1
8701 5
8702 5
8703 0
8704 1
8705 6
8706 5
8707 6
8708 3
8709 0
8710 7
8711 1
8712 0
8713 5
8714 5
8715 3
8716 7
8717 5
8718 5
8719 2
8720 2
8721 7
8722 1
8723 7
8724 1
8725 1
8726 3
8727 5
8728 4
8729 6
8730 7
8731 4
8732 1
8733 6
8734 0
8735 6
8736 6
8737 5
8738 6
8739 6
8740 3
8741 0
8742 4
8743 7
8744 3
8745 5
8746 4
8747 2
8748 0
8749 1
8750 2
8751 2
8752 5
8753 5
8754 4
8755 0
8756 6
8757 5
8758 7
8759 0
8760 7
8761 6
8762 6
8763 5
8764 6
8765 7
8766 0
8767 6
8768 4
8769 1
8770 3
8771 2
8772 4
8773 6
8774 5
8775 4
8776 6
8777 5
8778 5
8779 0
8780 0
8781 3
8782 4
8783 5
8784 2
8785 5
8786 5
8787 6
8788 5
8789 0
8790 2
8791 6
8792 1
8793 7
8794 3
8795 1
8796 4
8797 6
8798 1
8799 1
8800 6
8801 2
8802 5
8803 4
8804 4
8805 4
8806 6
8807 6
8808 6
8809 5
8810 7
8811 3
8812 7
8813 7
8814 7
8815 3
8816 0
8817 6
8818 4
8819 0
8820 5
8821 1
8822 3
8823 4
8824 0
8825 3
8826 1
8827 2
8828 2
8829 5
8830 4
8831 0
8832 5
8833 3
8834 7
8835 4
8836 7
8837 4
8838 4
8839 1
8840 1
8841 5
8842 3
8843 5
8844 5
8845 3
8846 2
8847 0
8848 0
8849 6
8850 2
8851 7
8852 1
8853 2
8854 4
8855 5
8856 1
8857 4
8858 3
8859 1
8860 5
8861 6
8862 6
8863 5
8864 1
8865 5
8866 0
8867 4
8868 5
8869 5
8870 1
8871 0
8872 7
8873 7
8874 2
8875 6
8876 1
8877 1
8878 0
8879 2
8880 0
8881 0
8882 4
8883 6
8884 3
8885 1
8886 5
8887 3
8888 5
8889 6
8890 4
8891 3
8892 4
8893 5
8894 2
8895 7
8896 5
8897 6
8898 7
8899 5
8900 3
8901 2
8902 3
8903 0
8904 4
8905 1
8906 2
8907 3
8908 2
8909 0
8910 7
8911 3
8912 2
8913 5
8914 7
8915 5
8916 2
8917 1
8918 3
8919 1
8920 3
8921 1
8922 6
8923 2
8924 3
8925 3
8926 6
8927 2
8928 3
8929 0
8930 3
8931 6
8932 0
8933 4
8934 2
8935 0
8936 6
8937 2
8938 1
8939 5
8940 3
8941 0
8942 3
8943 5
8944 5
8945 4
8946 4
8947 5
8948 1
8949 6
8950 2
8951 6
8952 3
8953 2
8954 3
8955 6
8956 7
8957 1
8958 1
8959 1
8960 5
8961 2
8962 2
8963 2
8964 7
8965 7
8966 2
8967 1
8968 5
8969 1
8970 0
8971 5
8972 6
8973 0
8974 7
8975 2
8976 4
8977 0
8978 2
8979 7
8980 3
8981 3
8982 1
8983 5
8984 3
8985 5
8986 7
8987 3
8988 2
8989 1
8990 0
8991 3
8992 3
8993 3
8994 7
8995 5
8996 3
8997 3
8998 1
8999 3
9000 6
9001 3
9002 2
9003 1
9004 6
9005 1
9006 1
9007 3
9008 7
9009 1
9010 7
9011 0
9012 5
9013 0
9014 2
9015 4
9016 7
9017 0
9018 1
9019 5
9020 4
9021 0
9022 3
9023 6
9024 5
9025 5
9026 4
9027 2
9028 7
9029 5
9030 1
9031 3
9032 0
9033 5
9034 0
9035 2
9036 7
9037 7
9038 6
9039 3
9040 7
9041 7
9042 1
9043 5
9044 1
9045 7
9046 7
9047 0
9048 2
9049 7
9050 2
9051 4
9052 5
9053 4
9054 7
9055 4
9056 7
9057 1
9058 3
9059 5
9060 1
9061 0
9062 1
9063 4
9064 2
9065 0
9066 5
9067 4
9068 5
9069 3
9070 3
9071 3
9072 5
9073 6
9074 5
9075 0
9076 0
9077 6
9078 1
9079 6
9080 0
9081 4
9082 6
9083 7
9084 3
9085 2
9086 0
9087 2
9088 6
9089 7
9090 5
9091 0
9092 1
9093 1
9094 5
9095 3
9096 5
9097 0
9098 2
9099 3
9100 7
9101 1
9102 1
9103 4
9104 1
9105 7
9106 2
9107 0
9108 7
9109 4
9110 4
9111 2
9112 7
9113 2
9114 5
9115 2
9116 1
9117 6
9118 5
9119 1
9120 2
9121 4
9122 2
9123 1
9124 4
9125 3
9126 0
9127 5
9128 3
9129 4
9130 0
9131 0
9132 4
9133 2
9134 1
9135 0
9136 0
9137 1
9138 0
9139 0
9140 7
9141 5
9142 6
9143 6
9144 1
9145 2
9146 7
9147 2
9148 6
9149 6
9150 5
9151 6
9152 7
9153 7
9154 5
9155 2
9156 0
9157 5
9158 7
9159 4
9160 6
9161 6
9162 7
9163 2
9164 3
9165 3
9166 4
9167 2
9168 0
9169 6
9170 7
9171 6
9172 0
9173 4
9174 3
9175 5
9176 5
9177 6
9178 4
9179 7
9180 2
9181 1
9182 6
9183 2
9184 6
9185 1
9186 3
9187 7
9188 2
9189 1
9190 7
9191 7
9192 7
9193 7
9194 1
9195 1
9196 0
9197 1
9198 2
9199 7
9200 6
9201 7
9202 5
9203 0
9204 7
9205 1
9206 6
9207 0
9208 5
9209 7
9210 1
9211 7
9212 4
9213 2
9214 2
9215 5
9216 3
9217 2
9218 4
9219 4
9220 6
9221 5
9222 4
9223 5
9224 6
9225 1
9226 5
9227 4
9228 7
9229 1
9230 0
9231 7
9232 3
9233 5
9234 7
9235 7
9236 7
9237 1
9238 2
9239 1
9240 0
9241 6
9242 1
9243 4
9244 6
9245 3
9246 2
9247 4
9248 0
9249 1
9250 5
9251 1
9252 2
9253 4
9254 2
9255 5
9256 0
9257 7
9258 4
9259 3
9260 1
9261 0
9262 5
9263 0
9264 4
9265 1
9266 4
9267 1
9268 5
9269 6
9270 4
9271 6
9272 4
9273 4
9274 4
9275 4
9276 3
9277 5
9278 2
9279 4
9280 7
9281 0
9282 3
9283 0
9284 0
9285 7
9286 0
9287 5
9288 0
9289 2
9290 3
9291 2
9292 1
9293 3
9294 6
9295 3
9296 0
9297 5
9298 7
9299 4
9300 1
9301 6
9302 7
9303 1
9304 4
9305 5
9306 3
9307 1
9308 3
9309 5
9310 7
9311 0
9312 6
9313 5
9314 0
9315 1
9316 6
9317 6
9318 4
9319 2
9320 1
9321 4
9322 3
9323 3
9324 1
9325 4
9326 2
9327 1
9328 6
9329 2
9330 7
9331 1
9332 1
9333 6
9334 5
9335 2
9336 5
9337 7
9338 2
9339 2
9340 2
9341 7
9342 1
9343 4
9344 1
9345 3
9346 5
9347 5
9348 2
9349 2
9350 4
9351 1
9352 5
9353 4
9354 6
9355 0
9356 3
9357 4
9358 2
9359 3
9360 0
9361 0
9362 4
9363 1
9364 6
9365 5
9366 3
9367 6
9368 1
9369 7
9370 7
9371 7
9372 7
9373 1
9374 4
9375 3
9376 2
9377 5
9378 1
9379 1
9380 3
9381 6
9382 0
9383 0
9384 4
9385 4
9386 7
9387 0
9388 7
9389 4
9390 4
9391 3
9392 5
9393 3
9394 7
9395 6
9396 3
9397 3
9398 6
9399 3
9400 6
9401 7
9402 1
9403 0
9404 5
9405 3
9406 3
9407 0
9408 0
9409 2
9410 6
9411 1
9412 7
9413 0
9414 0
9415 7
9416 0
9417 6
9418 3
9419 0
9420 3
9421 6
9422 5
9423 4
9424 5
9425 3
9426 1
9427 6
9428 0
9429 1
9430 6
9431 6
9432 1
9433 6
9434 2
9435 3
9436 3
9437 0
9438 7
9439 5
9440 3
9441 2
9442 5
9443 5
9444 2
9445 6
9446 1
9447 0
9448 0
9449 0
9450 0
9451 6
9452 3
9453 4
9454 0
9455 1
9456 0
9457 5
9458 6
9459 1
9460 6
9461 6
9462 0
9463 7
9464 7
9465 4
9466 6
9467 7
9468 3
9469 5
9470 2
9471 1
9472 4
9473 6
9474 7
9475 4
9476 7
9477 5
9478 3
9479 0
9480 3
9481 5
9482 5
9483 6
9484 1
9485 7
9486 5
9487 6
9488 5
9489 1
9490 0
9491 5
9492 6
9493 6
9494 6
9495 4
9496 6
9497 3
9498 0
9499 2
9500 5
9501 4
9502 4
9503 2
9504 4
9505 0
9506 6
9507 4
9508 7
9509 2
9510 4
9511 1
9512 0
9513 5
9514 1
9515 3
9516 3
9517 0
9518 3
9519 7
9520 0
9521 4
9522 4
9523 0
9524 5
9525 2
9526 1
9527 2
9528 6
9529 1
9530 4
9531 3
9532 3
9533 3
9534 6
9535 6
9536 5
9537 0
9538 7
9539 1
9540 3
9541 7
9542 0
9543 4
9544 0
9545 1
9546 4
9547 6
9548 6
9549 5
9550 7
9551 7
9552 3
9553 7
9554 3
9555 6
9556 3
9557 5
9558 0
9559 2
9560 0
9561 2
9562 6
9563 4
9564 4
9565 2
9566 1
9567 3
9568 0
9569 2
9570 6
9571 2
9572 6
9573 0
9574 3
9575 5
9576 5
9577 5
9578 0
9579 4
9580 0
9581 6
9582 3
9583 7
9584 1
9585 0
9586 5
9587 5
9588 0
9589 0
9590 6
9591 2
9592 1
9593 1
9594 6
9595 7
9596 6
9597 6
9598 7
9599 6
9600 1
9601 5
9602 3
9603 5
9604 0
9605 0
9606 0
9607 2
9608 4
9609 2
9610 3
9611 0
9612 2
9613 7
9614 0
9615 3
9616 5
9617 4
9618 5
9619 7
9620 6
9621 1
9622 4
9623 4
9624 7
9625 5
9626 2
9627 3
9628 6
9629 4
9630 4
9631 0
9632 0
9633 7
9634 5
9635 2
9636 3
9637 2
9638 7
9639 0
9640 5
9641 5
9642 4
9643 0
9644 7
9645 4
9646 4
9647 3
9648 6
9649 5
9650 7
9651 6
9652 6
9653 3
9654 2
9655 5
9656 0
9657 4
9658 1
9659 3
9660 5
9661 0
9662 1
9663 2
9664 1
9665 5
9666 1
9667 1
9668 5
9669 7
9670 1
9671 2
9672 2
9673 6
9674 4
9675 4
9676 1
9677 3
9678 7
9679 0
9680 5
9681 6
9682 5
9683 3
9684 0
9685 4
9686 2
9687 5
9688 3
9689 1
9690 7
9691 2
9692 0
9693 6
9694 5
9695 3
9696 5
9697 7
9698 6
9699 0
9700 1
9701 3
9702 0
9703 4
9704 4
9705 2
9706 7
9707 6
9708 6
9709 1
9710 0
9711 7
9712 2
9713 1
9714 7
9715 0
9716 1
9717 5
9718 4
9719 1
9720 7
9721 7
9722 1
9723 3
9724 7
9725 3
9726 5
9727 6
9728 7
9729 1
9730 2
9731 3
9732 2
9733 5
9734 6
9735 2
9736 1
9737 6
9738 3
9739 7
9740 5
9741 7
9742 0
9743 1
9744 7
9745 2
9746 6
9747 7
9748 4
9749 4
9750 3
9751 1
9752 2
9753 0
9754 0
9755 1
9756 5
9757 6
9758 5
9759 2
9760 0
9761 5
9762 3
9763 2
9764 4
9765 7
9766 4
9767 6
9768 3
9769 5
9770 0
9771 5
9772 0
9773 2
9774 3
9775 5
9776 4
9777 3
9778 2
9779 4
9780 3
9781 2
9782 6
9783 1
9784 4
9785 1
9786 2
9787 2
9788 1
9789 5
9790 4
9791 7
9792 3
9793 6
9794 7
9795 7
9796 1
9797 7
9798 4
9799 7
9800 3
9801 1
9802 2
9803 6
9804 5
9805 3
9806 7
9807 3
9808 1
9809 3
9810 0
9811 2
9812 4
9813 5
9814 6
9815 7
9816 3
9817 3
9818 5
9819 6
9820 4
9821 2
9822 5
9823 6
9824 6
9825 5
9826 0
9827 6
9828 3
9829 0
9830 4
9831 5
9832 2
9833 6
9834 5
9835 7
9836 1
9837 6
9838 6
9839 4
9840 0
9841 6
9842 1
9843 1
9844 1
9845 1
9846 3
9847 4
9848 6
9849 7
9850 3
9851 6
9852 0
9853 6
9854 7
9855 3
9856 2
9857 7
9858 0
9859 4
9860 3
9861 5
9862 2
9863 2
9864 5
9865 2
9866 6
9867 2
9868 5
9869 6
9870 1
9871 7
9872 1
9873 3
9874 4
9875 2
9876 1
9877 1
9878 4
9879 6
9880 5
9881 6
9882 2
9883 1
9884 4
9885 6
9886 2
9887 0
9888 7
9889 3
9890 6
9891 3
9892 0
9893 7
9894 5
9895 6
9896 2
9897 3
9898 5
9899 2
9900 6
9901 0
9902 6
9903 6
9904 4
9905 6
9906 7
9907 6
9908 0
9909 2
9910 4
9911 2
9912 3
9913 5
9914 1
9915 0
9916 5
9917 1
9918 4
9919 7
9920 4
9921 1
9922 1
9923 0
9924 6
9925 3
9926 2
9927 2
9928 1
9929 0
9930 6
9931 1
9932 4
9933 5
9934 4
9935 7
9936 0
9937 7
9938 2
9939 1
9940 3
9941 2
9942 0
9943 5
9944 6
9945 2
9946 3
9947 6
9948 6
9949 3
9950 0
9951 6
9952 4
9953 1
9954 3
9955 0
9956 1
9957 4
9958 6
9959 3
9960 3
9961 5
9962 5
9963 6
9964 6
9965 4
9966 7
9967 2
9968 4
9969 5
9970 4
9971 1
9972 0
9973 2
9974 5
9975 5
9976 1
9977 5
9978 3
9979 7
9980 1
9981 7
9982 5
9983 1
9984 0
9985 0
9986 1
9987 5
9988 2
9989 5
9990 1
9991 7
9992 5
9993 4
9994 4
9995 4
9996 4
9997 6
9998 1
9999 7
Final centroids:
0: 67.69 39.93 31.63 74.85 27.80
1: 70.29 27.30 52.47 28.69 75.52
2: 73.94 73.04 62.57 68.27 74.58
3: 73.52 64.56 56.46 25.21 26.72
4: 25.45 25.23 40.43 25.32 33.69
5: 28.65 68.59 21.84 48.80 68.92
6: 31.60 24.51 71.14 75.44 57.64
7: 24.92 75.98 73.38 52.75 37.50
WCSS: 21182086.61
Iterations: 60
Converged: true

===METRICS===
Execution time: 22.22 ms
(Averaged over 5 runs)
